-1.600000e+01 -1.600000e+01 
-1.599000e+01 -1.599000e+01 
-1.598000e+01 -1.598000e+01 
-1.597000e+01 -1.597000e+01 
-1.596000e+01 -1.596000e+01 
-1.595000e+01 -1.595000e+01 
-1.594000e+01 -1.594000e+01 
-1.593000e+01 -1.593000e+01 
-1.592000e+01 -1.592000e+01 
-1.591000e+01 -1.591000e+01 
-1.590000e+01 -1.590000e+01 
-1.589000e+01 -1.589000e+01 
-1.588000e+01 -1.588000e+01 
-1.587000e+01 -1.587000e+01 
-1.586000e+01 -1.586000e+01 
-1.585000e+01 -1.585000e+01 
-1.584000e+01 -1.584000e+01 
-1.583000e+01 -1.583000e+01 
-1.582000e+01 -1.582000e+01 
-1.581000e+01 -1.581000e+01 
-1.580000e+01 -1.580000e+01 
-1.579000e+01 -1.579000e+01 
-1.578000e+01 -1.578000e+01 
-1.577000e+01 -1.577000e+01 
-1.576000e+01 -1.576000e+01 
-1.575000e+01 -1.575000e+01 
-1.574000e+01 -1.574000e+01 
-1.573000e+01 -1.573000e+01 
-1.572000e+01 -1.572000e+01 
-1.571000e+01 -1.571000e+01 
-1.570000e+01 -1.570000e+01 
-1.569000e+01 -1.569000e+01 
-1.568000e+01 -1.568000e+01 
-1.567000e+01 -1.567000e+01 
-1.566000e+01 -1.566000e+01 
-1.565000e+01 -1.565000e+01 
-1.564000e+01 -1.564000e+01 
-1.563000e+01 -1.563000e+01 
-1.562000e+01 -1.562000e+01 
-1.561000e+01 -1.561000e+01 
-1.560000e+01 -1.560000e+01 
-1.559000e+01 -1.559000e+01 
-1.558000e+01 -1.558000e+01 
-1.557000e+01 -1.557000e+01 
-1.556000e+01 -1.556000e+01 
-1.555000e+01 -1.555000e+01 
-1.554000e+01 -1.554000e+01 
-1.553000e+01 -1.553000e+01 
-1.552000e+01 -1.552000e+01 
-1.551000e+01 -1.551000e+01 
-1.550000e+01 -1.550000e+01 
-1.549000e+01 -1.549000e+01 
-1.548000e+01 -1.548000e+01 
-1.547000e+01 -1.547000e+01 
-1.546000e+01 -1.546000e+01 
-1.545000e+01 -1.545000e+01 
-1.544000e+01 -1.544000e+01 
-1.543000e+01 -1.543000e+01 
-1.542000e+01 -1.542000e+01 
-1.541000e+01 -1.541000e+01 
-1.540000e+01 -1.540000e+01 
-1.539000e+01 -1.539000e+01 
-1.538000e+01 -1.538000e+01 
-1.537000e+01 -1.537000e+01 
-1.536000e+01 -1.536000e+01 
-1.535000e+01 -1.535000e+01 
-1.534000e+01 -1.534000e+01 
-1.533000e+01 -1.533000e+01 
-1.532000e+01 -1.532000e+01 
-1.531000e+01 -1.531000e+01 
-1.530000e+01 -1.530000e+01 
-1.529000e+01 -1.529000e+01 
-1.528000e+01 -1.528000e+01 
-1.527000e+01 -1.527000e+01 
-1.526000e+01 -1.526000e+01 
-1.525000e+01 -1.525000e+01 
-1.524000e+01 -1.524000e+01 
-1.523000e+01 -1.523000e+01 
-1.522000e+01 -1.522000e+01 
-1.521000e+01 -1.521000e+01 
-1.520000e+01 -1.520000e+01 
-1.519000e+01 -1.519000e+01 
-1.518000e+01 -1.518000e+01 
-1.517000e+01 -1.517000e+01 
-1.516000e+01 -1.516000e+01 
-1.515000e+01 -1.515000e+01 
-1.514000e+01 -1.514000e+01 
-1.513000e+01 -1.513000e+01 
-1.512000e+01 -1.512000e+01 
-1.511000e+01 -1.511000e+01 
-1.510000e+01 -1.510000e+01 
-1.509000e+01 -1.509000e+01 
-1.508000e+01 -1.508000e+01 
-1.507000e+01 -1.507000e+01 
-1.506000e+01 -1.506000e+01 
-1.505000e+01 -1.505000e+01 
-1.504000e+01 -1.504000e+01 
-1.503000e+01 -1.503000e+01 
-1.502000e+01 -1.502000e+01 
-1.501000e+01 -1.501000e+01 
-1.500000e+01 -1.500000e+01 
-1.499000e+01 -1.499000e+01 
-1.498000e+01 -1.498000e+01 
-1.497000e+01 -1.497000e+01 
-1.496000e+01 -1.496000e+01 
-1.495000e+01 -1.495000e+01 
-1.494000e+01 -1.494000e+01 
-1.493000e+01 -1.493000e+01 
-1.492000e+01 -1.492000e+01 
-1.491000e+01 -1.491000e+01 
-1.490000e+01 -1.490000e+01 
-1.489000e+01 -1.489000e+01 
-1.488000e+01 -1.488000e+01 
-1.487000e+01 -1.487000e+01 
-1.486000e+01 -1.486000e+01 
-1.485000e+01 -1.485000e+01 
-1.484000e+01 -1.484000e+01 
-1.483000e+01 -1.483000e+01 
-1.482000e+01 -1.482000e+01 
-1.481000e+01 -1.481000e+01 
-1.480000e+01 -1.480000e+01 
-1.479000e+01 -1.479000e+01 
-1.478000e+01 -1.478000e+01 
-1.477000e+01 -1.477000e+01 
-1.476000e+01 -1.476000e+01 
-1.475000e+01 -1.475000e+01 
-1.474000e+01 -1.474000e+01 
-1.473000e+01 -1.473000e+01 
-1.472000e+01 -1.472000e+01 
-1.471000e+01 -1.471000e+01 
-1.470000e+01 -1.470000e+01 
-1.469000e+01 -1.469000e+01 
-1.468000e+01 -1.468000e+01 
-1.467000e+01 -1.467000e+01 
-1.466000e+01 -1.466000e+01 
-1.465000e+01 -1.465000e+01 
-1.464000e+01 -1.464000e+01 
-1.463000e+01 -1.463000e+01 
-1.462000e+01 -1.462000e+01 
-1.461000e+01 -1.461000e+01 
-1.460000e+01 -1.460000e+01 
-1.459000e+01 -1.459000e+01 
-1.458000e+01 -1.458000e+01 
-1.457000e+01 -1.457000e+01 
-1.456000e+01 -1.456000e+01 
-1.455000e+01 -1.455000e+01 
-1.454000e+01 -1.454000e+01 
-1.453000e+01 -1.453000e+01 
-1.452000e+01 -1.452000e+01 
-1.451000e+01 -1.451000e+01 
-1.450000e+01 -1.450000e+01 
-1.449000e+01 -1.449000e+01 
-1.448000e+01 -1.448000e+01 
-1.447000e+01 -1.447000e+01 
-1.446000e+01 -1.446000e+01 
-1.445000e+01 -1.445000e+01 
-1.444000e+01 -1.444000e+01 
-1.443000e+01 -1.443000e+01 
-1.442000e+01 -1.442000e+01 
-1.441000e+01 -1.441000e+01 
-1.440000e+01 -1.440000e+01 
-1.439000e+01 -1.439000e+01 
-1.438000e+01 -1.438000e+01 
-1.437000e+01 -1.437000e+01 
-1.436000e+01 -1.436000e+01 
-1.435000e+01 -1.435000e+01 
-1.434000e+01 -1.434000e+01 
-1.433000e+01 -1.433000e+01 
-1.432000e+01 -1.432000e+01 
-1.431000e+01 -1.431000e+01 
-1.430000e+01 -1.430000e+01 
-1.429000e+01 -1.429000e+01 
-1.428000e+01 -1.428000e+01 
-1.427000e+01 -1.427000e+01 
-1.426000e+01 -1.426000e+01 
-1.425000e+01 -1.425000e+01 
-1.424000e+01 -1.424000e+01 
-1.423000e+01 -1.423000e+01 
-1.422000e+01 -1.422000e+01 
-1.421000e+01 -1.421000e+01 
-1.420000e+01 -1.420000e+01 
-1.419000e+01 -1.419000e+01 
-1.418000e+01 -1.418000e+01 
-1.417000e+01 -1.417000e+01 
-1.416000e+01 -1.416000e+01 
-1.415000e+01 -1.415000e+01 
-1.414000e+01 -1.414000e+01 
-1.413000e+01 -1.413000e+01 
-1.412000e+01 -1.412000e+01 
-1.411000e+01 -1.411000e+01 
-1.410000e+01 -1.410000e+01 
-1.409000e+01 -1.409000e+01 
-1.408000e+01 -1.408000e+01 
-1.407000e+01 -1.407000e+01 
-1.406000e+01 -1.406000e+01 
-1.405000e+01 -1.405000e+01 
-1.404000e+01 -1.404000e+01 
-1.403000e+01 -1.403000e+01 
-1.402000e+01 -1.402000e+01 
-1.401000e+01 -1.401000e+01 
-1.400000e+01 -1.400000e+01 
-1.399000e+01 -1.399000e+01 
-1.398000e+01 -1.398000e+01 
-1.397000e+01 -1.397000e+01 
-1.396000e+01 -1.396000e+01 
-1.395000e+01 -1.395000e+01 
-1.394000e+01 -1.394000e+01 
-1.393000e+01 -1.393000e+01 
-1.392000e+01 -1.392000e+01 
-1.391000e+01 -1.391000e+01 
-1.390000e+01 -1.390000e+01 
-1.389000e+01 -1.389000e+01 
-1.388000e+01 -1.388000e+01 
-1.387000e+01 -1.387000e+01 
-1.386000e+01 -1.386000e+01 
-1.385000e+01 -1.385000e+01 
-1.384000e+01 -1.384000e+01 
-1.383000e+01 -1.383000e+01 
-1.382000e+01 -1.382000e+01 
-1.381000e+01 -1.381000e+01 
-1.380000e+01 -1.380000e+01 
-1.379000e+01 -1.379000e+01 
-1.378000e+01 -1.378000e+01 
-1.377000e+01 -1.377000e+01 
-1.376000e+01 -1.376000e+01 
-1.375000e+01 -1.375000e+01 
-1.374000e+01 -1.374000e+01 
-1.373000e+01 -1.373000e+01 
-1.372000e+01 -1.372000e+01 
-1.371000e+01 -1.371000e+01 
-1.370000e+01 -1.370000e+01 
-1.369000e+01 -1.369000e+01 
-1.368000e+01 -1.368000e+01 
-1.367000e+01 -1.367000e+01 
-1.366000e+01 -1.366000e+01 
-1.365000e+01 -1.365000e+01 
-1.364000e+01 -1.364000e+01 
-1.363000e+01 -1.363000e+01 
-1.362000e+01 -1.362000e+01 
-1.361000e+01 -1.361000e+01 
-1.360000e+01 -1.360000e+01 
-1.359000e+01 -1.359000e+01 
-1.358000e+01 -1.358000e+01 
-1.357000e+01 -1.357000e+01 
-1.356000e+01 -1.356000e+01 
-1.355000e+01 -1.355000e+01 
-1.354000e+01 -1.354000e+01 
-1.353000e+01 -1.353000e+01 
-1.352000e+01 -1.352000e+01 
-1.351000e+01 -1.351000e+01 
-1.350000e+01 -1.350000e+01 
-1.349000e+01 -1.349000e+01 
-1.348000e+01 -1.348000e+01 
-1.347000e+01 -1.347000e+01 
-1.346000e+01 -1.346000e+01 
-1.345000e+01 -1.345000e+01 
-1.344000e+01 -1.344000e+01 
-1.343000e+01 -1.343000e+01 
-1.342000e+01 -1.342000e+01 
-1.341000e+01 -1.341000e+01 
-1.340000e+01 -1.340000e+01 
-1.339000e+01 -1.339000e+01 
-1.338000e+01 -1.338000e+01 
-1.337000e+01 -1.337000e+01 
-1.336000e+01 -1.336000e+01 
-1.335000e+01 -1.335000e+01 
-1.334000e+01 -1.334000e+01 
-1.333000e+01 -1.333000e+01 
-1.332000e+01 -1.332000e+01 
-1.331000e+01 -1.331000e+01 
-1.330000e+01 -1.330000e+01 
-1.329000e+01 -1.329000e+01 
-1.328000e+01 -1.328000e+01 
-1.327000e+01 -1.327000e+01 
-1.326000e+01 -1.326000e+01 
-1.325000e+01 -1.325000e+01 
-1.324000e+01 -1.324000e+01 
-1.323000e+01 -1.323000e+01 
-1.322000e+01 -1.322000e+01 
-1.321000e+01 -1.321000e+01 
-1.320000e+01 -1.320000e+01 
-1.319000e+01 -1.319000e+01 
-1.318000e+01 -1.318000e+01 
-1.317000e+01 -1.317000e+01 
-1.316000e+01 -1.316000e+01 
-1.315000e+01 -1.315000e+01 
-1.314000e+01 -1.314000e+01 
-1.313000e+01 -1.313000e+01 
-1.312000e+01 -1.312000e+01 
-1.311000e+01 -1.311000e+01 
-1.310000e+01 -1.310000e+01 
-1.309000e+01 -1.309000e+01 
-1.308000e+01 -1.308000e+01 
-1.307000e+01 -1.307000e+01 
-1.306000e+01 -1.306000e+01 
-1.305000e+01 -1.305000e+01 
-1.304000e+01 -1.304000e+01 
-1.303000e+01 -1.303000e+01 
-1.302000e+01 -1.302000e+01 
-1.301000e+01 -1.301000e+01 
-1.300000e+01 -1.300000e+01 
-1.299000e+01 -1.299000e+01 
-1.298000e+01 -1.298000e+01 
-1.297000e+01 -1.297000e+01 
-1.296000e+01 -1.296000e+01 
-1.295000e+01 -1.295000e+01 
-1.294000e+01 -1.294000e+01 
-1.293000e+01 -1.293000e+01 
-1.292000e+01 -1.292000e+01 
-1.291000e+01 -1.291000e+01 
-1.290000e+01 -1.290000e+01 
-1.289000e+01 -1.289000e+01 
-1.288000e+01 -1.288000e+01 
-1.287000e+01 -1.287000e+01 
-1.286000e+01 -1.286000e+01 
-1.285000e+01 -1.285000e+01 
-1.284000e+01 -1.284000e+01 
-1.283000e+01 -1.283000e+01 
-1.282000e+01 -1.282000e+01 
-1.281000e+01 -1.281000e+01 
-1.280000e+01 -1.280000e+01 
-1.279000e+01 -1.279000e+01 
-1.278000e+01 -1.278000e+01 
-1.277000e+01 -1.277000e+01 
-1.276000e+01 -1.276000e+01 
-1.275000e+01 -1.275000e+01 
-1.274000e+01 -1.274000e+01 
-1.273000e+01 -1.273000e+01 
-1.272000e+01 -1.272000e+01 
-1.271000e+01 -1.271000e+01 
-1.270000e+01 -1.270000e+01 
-1.269000e+01 -1.269000e+01 
-1.268000e+01 -1.268000e+01 
-1.267000e+01 -1.267000e+01 
-1.266000e+01 -1.266000e+01 
-1.265000e+01 -1.265000e+01 
-1.264000e+01 -1.264000e+01 
-1.263000e+01 -1.263000e+01 
-1.262000e+01 -1.262000e+01 
-1.261000e+01 -1.261000e+01 
-1.260000e+01 -1.260000e+01 
-1.259000e+01 -1.259000e+01 
-1.258000e+01 -1.258000e+01 
-1.257000e+01 -1.257000e+01 
-1.256000e+01 -1.256000e+01 
-1.255000e+01 -1.255000e+01 
-1.254000e+01 -1.254000e+01 
-1.253000e+01 -1.253000e+01 
-1.252000e+01 -1.252000e+01 
-1.251000e+01 -1.251000e+01 
-1.250000e+01 -1.250000e+01 
-1.249000e+01 -1.249000e+01 
-1.248000e+01 -1.248000e+01 
-1.247000e+01 -1.247000e+01 
-1.246000e+01 -1.246000e+01 
-1.245000e+01 -1.245000e+01 
-1.244000e+01 -1.244000e+01 
-1.243000e+01 -1.243000e+01 
-1.242000e+01 -1.242000e+01 
-1.241000e+01 -1.241000e+01 
-1.240000e+01 -1.240000e+01 
-1.239000e+01 -1.239000e+01 
-1.238000e+01 -1.238000e+01 
-1.237000e+01 -1.237000e+01 
-1.236000e+01 -1.236000e+01 
-1.235000e+01 -1.235000e+01 
-1.234000e+01 -1.234000e+01 
-1.233000e+01 -1.233000e+01 
-1.232000e+01 -1.232000e+01 
-1.231000e+01 -1.231000e+01 
-1.230000e+01 -1.230000e+01 
-1.229000e+01 -1.229000e+01 
-1.228000e+01 -1.228000e+01 
-1.227000e+01 -1.227000e+01 
-1.226000e+01 -1.226000e+01 
-1.225000e+01 -1.225000e+01 
-1.224000e+01 -1.224000e+01 
-1.223000e+01 -1.223000e+01 
-1.222000e+01 -1.222000e+01 
-1.221000e+01 -1.221000e+01 
-1.220000e+01 -1.220000e+01 
-1.219000e+01 -1.219000e+01 
-1.218000e+01 -1.218000e+01 
-1.217000e+01 -1.217000e+01 
-1.216000e+01 -1.216000e+01 
-1.215000e+01 -1.215000e+01 
-1.214000e+01 -1.214000e+01 
-1.213000e+01 -1.213000e+01 
-1.212000e+01 -1.212000e+01 
-1.211000e+01 -1.211000e+01 
-1.210000e+01 -1.210000e+01 
-1.209000e+01 -1.209000e+01 
-1.208000e+01 -1.208000e+01 
-1.207000e+01 -1.207000e+01 
-1.206000e+01 -1.206000e+01 
-1.205000e+01 -1.205000e+01 
-1.204000e+01 -1.204000e+01 
-1.203000e+01 -1.203000e+01 
-1.202000e+01 -1.202000e+01 
-1.201000e+01 -1.201000e+01 
-1.200000e+01 -1.200000e+01 
-1.199000e+01 -1.199000e+01 
-1.198000e+01 -1.198000e+01 
-1.197000e+01 -1.197000e+01 
-1.196000e+01 -1.196000e+01 
-1.195000e+01 -1.195000e+01 
-1.194000e+01 -1.194000e+01 
-1.193000e+01 -1.193000e+01 
-1.192000e+01 -1.192000e+01 
-1.191000e+01 -1.191000e+01 
-1.190000e+01 -1.190000e+01 
-1.189000e+01 -1.189000e+01 
-1.188000e+01 -1.188000e+01 
-1.187000e+01 -1.187000e+01 
-1.186000e+01 -1.186000e+01 
-1.185000e+01 -1.185000e+01 
-1.184000e+01 -1.184000e+01 
-1.183000e+01 -1.183000e+01 
-1.182000e+01 -1.182000e+01 
-1.181000e+01 -1.181000e+01 
-1.180000e+01 -1.180000e+01 
-1.179000e+01 -1.179000e+01 
-1.178000e+01 -1.178000e+01 
-1.177000e+01 -1.177000e+01 
-1.176000e+01 -1.176000e+01 
-1.175000e+01 -1.175000e+01 
-1.174000e+01 -1.174000e+01 
-1.173000e+01 -1.173000e+01 
-1.172000e+01 -1.172000e+01 
-1.171000e+01 -1.171000e+01 
-1.170000e+01 -1.170000e+01 
-1.169000e+01 -1.169000e+01 
-1.168000e+01 -1.168000e+01 
-1.167000e+01 -1.167000e+01 
-1.166000e+01 -1.166000e+01 
-1.165000e+01 -1.165000e+01 
-1.164000e+01 -1.164000e+01 
-1.163000e+01 -1.163000e+01 
-1.162000e+01 -1.162000e+01 
-1.161000e+01 -1.161000e+01 
-1.160000e+01 -1.160000e+01 
-1.159000e+01 -1.159000e+01 
-1.158000e+01 -1.158000e+01 
-1.157000e+01 -1.157000e+01 
-1.156000e+01 -1.156000e+01 
-1.155000e+01 -1.155000e+01 
-1.154000e+01 -1.154000e+01 
-1.153000e+01 -1.153000e+01 
-1.152000e+01 -1.152000e+01 
-1.151000e+01 -1.151000e+01 
-1.150000e+01 -1.150000e+01 
-1.149000e+01 -1.149000e+01 
-1.148000e+01 -1.148000e+01 
-1.147000e+01 -1.147000e+01 
-1.146000e+01 -1.146000e+01 
-1.145000e+01 -1.145000e+01 
-1.144000e+01 -1.144000e+01 
-1.143000e+01 -1.143000e+01 
-1.142000e+01 -1.142000e+01 
-1.141000e+01 -1.141000e+01 
-1.140000e+01 -1.140000e+01 
-1.139000e+01 -1.139000e+01 
-1.138000e+01 -1.138000e+01 
-1.137000e+01 -1.137000e+01 
-1.136000e+01 -1.136000e+01 
-1.135000e+01 -1.135000e+01 
-1.134000e+01 -1.134000e+01 
-1.133000e+01 -1.133000e+01 
-1.132000e+01 -1.132000e+01 
-1.131000e+01 -1.131000e+01 
-1.130000e+01 -1.130000e+01 
-1.129000e+01 -1.129000e+01 
-1.128000e+01 -1.128000e+01 
-1.127000e+01 -1.127000e+01 
-1.126000e+01 -1.126000e+01 
-1.125000e+01 -1.125000e+01 
-1.124000e+01 -1.124000e+01 
-1.123000e+01 -1.123000e+01 
-1.122000e+01 -1.122000e+01 
-1.121000e+01 -1.121000e+01 
-1.120000e+01 -1.120000e+01 
-1.119000e+01 -1.119000e+01 
-1.118000e+01 -1.118000e+01 
-1.117000e+01 -1.117000e+01 
-1.116000e+01 -1.116000e+01 
-1.115000e+01 -1.115000e+01 
-1.114000e+01 -1.114000e+01 
-1.113000e+01 -1.113000e+01 
-1.112000e+01 -1.112000e+01 
-1.111000e+01 -1.111000e+01 
-1.110000e+01 -1.110000e+01 
-1.109000e+01 -1.109000e+01 
-1.108000e+01 -1.108000e+01 
-1.107000e+01 -1.107000e+01 
-1.106000e+01 -1.106000e+01 
-1.105000e+01 -1.105000e+01 
-1.104000e+01 -1.104000e+01 
-1.103000e+01 -1.103000e+01 
-1.102000e+01 -1.102000e+01 
-1.101000e+01 -1.101000e+01 
-1.100000e+01 -1.100000e+01 
-1.099000e+01 -1.099000e+01 
-1.098000e+01 -1.098000e+01 
-1.097000e+01 -1.097000e+01 
-1.096000e+01 -1.096000e+01 
-1.095000e+01 -1.095000e+01 
-1.094000e+01 -1.094000e+01 
-1.093000e+01 -1.093000e+01 
-1.092000e+01 -1.092000e+01 
-1.091000e+01 -1.091000e+01 
-1.090000e+01 -1.090000e+01 
-1.089000e+01 -1.089000e+01 
-1.088000e+01 -1.088000e+01 
-1.087000e+01 -1.087000e+01 
-1.086000e+01 -1.086000e+01 
-1.085000e+01 -1.085000e+01 
-1.084000e+01 -1.084000e+01 
-1.083000e+01 -1.083000e+01 
-1.082000e+01 -1.082000e+01 
-1.081000e+01 -1.081000e+01 
-1.080000e+01 -1.080000e+01 
-1.079000e+01 -1.079000e+01 
-1.078000e+01 -1.078000e+01 
-1.077000e+01 -1.077000e+01 
-1.076000e+01 -1.076000e+01 
-1.075000e+01 -1.075000e+01 
-1.074000e+01 -1.074000e+01 
-1.073000e+01 -1.073000e+01 
-1.072000e+01 -1.072000e+01 
-1.071000e+01 -1.071000e+01 
-1.070000e+01 -1.070000e+01 
-1.069000e+01 -1.069000e+01 
-1.068000e+01 -1.068000e+01 
-1.067000e+01 -1.067000e+01 
-1.066000e+01 -1.066000e+01 
-1.065000e+01 -1.065000e+01 
-1.064000e+01 -1.064000e+01 
-1.063000e+01 -1.063000e+01 
-1.062000e+01 -1.062000e+01 
-1.061000e+01 -1.061000e+01 
-1.060000e+01 -1.060000e+01 
-1.059000e+01 -1.059000e+01 
-1.058000e+01 -1.058000e+01 
-1.057000e+01 -1.057000e+01 
-1.056000e+01 -1.056000e+01 
-1.055000e+01 -1.055000e+01 
-1.054000e+01 -1.054000e+01 
-1.053000e+01 -1.053000e+01 
-1.052000e+01 -1.052000e+01 
-1.051000e+01 -1.051000e+01 
-1.050000e+01 -1.050000e+01 
-1.049000e+01 -1.049000e+01 
-1.048000e+01 -1.048000e+01 
-1.047000e+01 -1.047000e+01 
-1.046000e+01 -1.046000e+01 
-1.045000e+01 -1.045000e+01 
-1.044000e+01 -1.044000e+01 
-1.043000e+01 -1.043000e+01 
-1.042000e+01 -1.042000e+01 
-1.041000e+01 -1.041000e+01 
-1.040000e+01 -1.040000e+01 
-1.039000e+01 -1.039000e+01 
-1.038000e+01 -1.038000e+01 
-1.037000e+01 -1.037000e+01 
-1.036000e+01 -1.036000e+01 
-1.035000e+01 -1.035000e+01 
-1.034000e+01 -1.034000e+01 
-1.033000e+01 -1.033000e+01 
-1.032000e+01 -1.032000e+01 
-1.031000e+01 -1.031000e+01 
-1.030000e+01 -1.030000e+01 
-1.029000e+01 -1.029000e+01 
-1.028000e+01 -1.028000e+01 
-1.027000e+01 -1.027000e+01 
-1.026000e+01 -1.026000e+01 
-1.025000e+01 -1.025000e+01 
-1.024000e+01 -1.024000e+01 
-1.023000e+01 -1.023000e+01 
-1.022000e+01 -1.022000e+01 
-1.021000e+01 -1.021000e+01 
-1.020000e+01 -1.020000e+01 
-1.019000e+01 -1.019000e+01 
-1.018000e+01 -1.018000e+01 
-1.017000e+01 -1.017000e+01 
-1.016000e+01 -1.016000e+01 
-1.015000e+01 -1.015000e+01 
-1.014000e+01 -1.014000e+01 
-1.013000e+01 -1.013000e+01 
-1.012000e+01 -1.012000e+01 
-1.011000e+01 -1.011000e+01 
-1.010000e+01 -1.010000e+01 
-1.009000e+01 -1.009000e+01 
-1.008000e+01 -1.008000e+01 
-1.007000e+01 -1.007000e+01 
-1.006000e+01 -1.006000e+01 
-1.005000e+01 -1.005000e+01 
-1.004000e+01 -1.004000e+01 
-1.003000e+01 -1.003000e+01 
-1.002000e+01 -1.002000e+01 
-1.001000e+01 -1.001000e+01 
-1.000000e+01 -1.000000e+01 
-9.990000e+00 -9.990000e+00 
-9.980000e+00 -9.980000e+00 
-9.970000e+00 -9.970000e+00 
-9.960000e+00 -9.960000e+00 
-9.950000e+00 -9.950000e+00 
-9.940000e+00 -9.940000e+00 
-9.930000e+00 -9.930000e+00 
-9.920000e+00 -9.920000e+00 
-9.910000e+00 -9.910000e+00 
-9.900000e+00 -9.900000e+00 
-9.890000e+00 -9.890000e+00 
-9.880000e+00 -9.880000e+00 
-9.870000e+00 -9.870000e+00 
-9.860000e+00 -9.860000e+00 
-9.850000e+00 -9.850000e+00 
-9.840000e+00 -9.840000e+00 
-9.830000e+00 -9.830000e+00 
-9.820000e+00 -9.820000e+00 
-9.810000e+00 -9.810000e+00 
-9.800000e+00 -9.800000e+00 
-9.790000e+00 -9.790000e+00 
-9.780000e+00 -9.780000e+00 
-9.770000e+00 -9.770000e+00 
-9.760000e+00 -9.760000e+00 
-9.750000e+00 -9.750000e+00 
-9.740000e+00 -9.740000e+00 
-9.730000e+00 -9.730000e+00 
-9.720000e+00 -9.720000e+00 
-9.710000e+00 -9.710000e+00 
-9.700000e+00 -9.700000e+00 
-9.690000e+00 -9.690000e+00 
-9.680000e+00 -9.680000e+00 
-9.670000e+00 -9.670000e+00 
-9.660000e+00 -9.660000e+00 
-9.650000e+00 -9.650000e+00 
-9.640000e+00 -9.640000e+00 
-9.630000e+00 -9.630000e+00 
-9.620000e+00 -9.620000e+00 
-9.610000e+00 -9.610000e+00 
-9.600000e+00 -9.600000e+00 
-9.590000e+00 -9.590000e+00 
-9.580000e+00 -9.580000e+00 
-9.570000e+00 -9.570000e+00 
-9.560000e+00 -9.560000e+00 
-9.550000e+00 -9.550000e+00 
-9.540000e+00 -9.540000e+00 
-9.530000e+00 -9.530000e+00 
-9.520000e+00 -9.520000e+00 
-9.510000e+00 -9.510000e+00 
-9.500000e+00 -9.500000e+00 
-9.490000e+00 -9.490000e+00 
-9.480000e+00 -9.480000e+00 
-9.470000e+00 -9.470000e+00 
-9.460000e+00 -9.460000e+00 
-9.450000e+00 -9.450000e+00 
-9.440000e+00 -9.440000e+00 
-9.430000e+00 -9.430000e+00 
-9.420000e+00 -9.420000e+00 
-9.410000e+00 -9.410000e+00 
-9.400000e+00 -9.400000e+00 
-9.390000e+00 -9.390000e+00 
-9.380000e+00 -9.380000e+00 
-9.370000e+00 -9.370000e+00 
-9.360000e+00 -9.360000e+00 
-9.350000e+00 -9.350000e+00 
-9.340000e+00 -9.340000e+00 
-9.330000e+00 -9.330000e+00 
-9.320000e+00 -9.320000e+00 
-9.310000e+00 -9.310000e+00 
-9.300000e+00 -9.300000e+00 
-9.290000e+00 -9.290000e+00 
-9.280000e+00 -9.280000e+00 
-9.270000e+00 -9.270000e+00 
-9.260000e+00 -9.260000e+00 
-9.250000e+00 -9.250000e+00 
-9.240000e+00 -9.240000e+00 
-9.230000e+00 -9.230000e+00 
-9.220000e+00 -9.220000e+00 
-9.210000e+00 -9.210000e+00 
-9.200000e+00 -9.200000e+00 
-9.190000e+00 -9.190000e+00 
-9.180000e+00 -9.180000e+00 
-9.170000e+00 -9.170000e+00 
-9.160000e+00 -9.160000e+00 
-9.150000e+00 -9.150000e+00 
-9.140000e+00 -9.140000e+00 
-9.130000e+00 -9.130000e+00 
-9.120000e+00 -9.120000e+00 
-9.110000e+00 -9.110000e+00 
-9.100000e+00 -9.100000e+00 
-9.090000e+00 -9.090000e+00 
-9.080000e+00 -9.080000e+00 
-9.070000e+00 -9.070000e+00 
-9.060000e+00 -9.060000e+00 
-9.050000e+00 -9.050000e+00 
-9.040000e+00 -9.040000e+00 
-9.030000e+00 -9.030000e+00 
-9.020000e+00 -9.020000e+00 
-9.010000e+00 -9.010000e+00 
-9.000000e+00 -9.000000e+00 
-8.990000e+00 -8.990000e+00 
-8.980000e+00 -8.980000e+00 
-8.970000e+00 -8.970000e+00 
-8.960000e+00 -8.960000e+00 
-8.950000e+00 -8.950000e+00 
-8.940000e+00 -8.940000e+00 
-8.930000e+00 -8.930000e+00 
-8.920000e+00 -8.920000e+00 
-8.910000e+00 -8.910000e+00 
-8.900000e+00 -8.900000e+00 
-8.890000e+00 -8.890000e+00 
-8.880000e+00 -8.880000e+00 
-8.870000e+00 -8.870000e+00 
-8.860000e+00 -8.860000e+00 
-8.850000e+00 -8.850000e+00 
-8.840000e+00 -8.840000e+00 
-8.830000e+00 -8.830000e+00 
-8.820000e+00 -8.820000e+00 
-8.810000e+00 -8.810000e+00 
-8.800000e+00 -8.800000e+00 
-8.790000e+00 -8.790000e+00 
-8.780000e+00 -8.780000e+00 
-8.770000e+00 -8.770000e+00 
-8.760000e+00 -8.760000e+00 
-8.750000e+00 -8.750000e+00 
-8.740000e+00 -8.740000e+00 
-8.730000e+00 -8.730000e+00 
-8.720000e+00 -8.720000e+00 
-8.710000e+00 -8.710000e+00 
-8.700000e+00 -8.700000e+00 
-8.690000e+00 -8.690000e+00 
-8.680000e+00 -8.680000e+00 
-8.670000e+00 -8.670000e+00 
-8.660000e+00 -8.660000e+00 
-8.650000e+00 -8.650000e+00 
-8.640000e+00 -8.640000e+00 
-8.630000e+00 -8.630000e+00 
-8.620000e+00 -8.620000e+00 
-8.610000e+00 -8.610000e+00 
-8.600000e+00 -8.600000e+00 
-8.590000e+00 -8.590000e+00 
-8.580000e+00 -8.580000e+00 
-8.570000e+00 -8.570000e+00 
-8.560000e+00 -8.560000e+00 
-8.550000e+00 -8.550000e+00 
-8.540000e+00 -8.540000e+00 
-8.530000e+00 -8.530000e+00 
-8.520000e+00 -8.520000e+00 
-8.510000e+00 -8.510000e+00 
-8.500000e+00 -8.500000e+00 
-8.490000e+00 -8.490000e+00 
-8.480000e+00 -8.480000e+00 
-8.470000e+00 -8.470000e+00 
-8.460000e+00 -8.460000e+00 
-8.450000e+00 -8.450000e+00 
-8.440000e+00 -8.440000e+00 
-8.430000e+00 -8.430000e+00 
-8.420000e+00 -8.420000e+00 
-8.410000e+00 -8.410000e+00 
-8.400000e+00 -8.400000e+00 
-8.390000e+00 -8.390000e+00 
-8.380000e+00 -8.380000e+00 
-8.370000e+00 -8.370000e+00 
-8.360000e+00 -8.360000e+00 
-8.350000e+00 -8.350000e+00 
-8.340000e+00 -8.340000e+00 
-8.330000e+00 -8.330000e+00 
-8.320000e+00 -8.320000e+00 
-8.310000e+00 -8.310000e+00 
-8.300000e+00 -8.300000e+00 
-8.290000e+00 -8.290000e+00 
-8.280000e+00 -8.280000e+00 
-8.270000e+00 -8.270000e+00 
-8.260000e+00 -8.260000e+00 
-8.250000e+00 -8.250000e+00 
-8.240000e+00 -8.240000e+00 
-8.230000e+00 -8.230000e+00 
-8.220000e+00 -8.220000e+00 
-8.210000e+00 -8.210000e+00 
-8.200000e+00 -8.200000e+00 
-8.190000e+00 -8.190000e+00 
-8.180000e+00 -8.180000e+00 
-8.170000e+00 -8.170000e+00 
-8.160000e+00 -8.160000e+00 
-8.150000e+00 -8.150000e+00 
-8.140000e+00 -8.140000e+00 
-8.130000e+00 -8.130000e+00 
-8.120000e+00 -8.120000e+00 
-8.110000e+00 -8.110000e+00 
-8.100000e+00 -8.100000e+00 
-8.090000e+00 -8.090000e+00 
-8.080000e+00 -8.080000e+00 
-8.070000e+00 -8.070000e+00 
-8.060000e+00 -8.060000e+00 
-8.050000e+00 -8.050000e+00 
-8.040000e+00 -8.040000e+00 
-8.030000e+00 -8.030000e+00 
-8.020000e+00 -8.020000e+00 
-8.010000e+00 -8.010000e+00 
-8.000000e+00 -8.000000e+00 
-7.990000e+00 -7.990000e+00 
-7.980000e+00 -7.980000e+00 
-7.970000e+00 -7.970000e+00 
-7.960000e+00 -7.960000e+00 
-7.950000e+00 -7.950000e+00 
-7.940000e+00 -7.940000e+00 
-7.930000e+00 -7.930000e+00 
-7.920000e+00 -7.920000e+00 
-7.910000e+00 -7.910000e+00 
-7.900000e+00 -7.900000e+00 
-7.890000e+00 -7.890000e+00 
-7.880000e+00 -7.880000e+00 
-7.870000e+00 -7.870000e+00 
-7.860000e+00 -7.860000e+00 
-7.850000e+00 -7.850000e+00 
-7.840000e+00 -7.840000e+00 
-7.830000e+00 -7.830000e+00 
-7.820000e+00 -7.820000e+00 
-7.810000e+00 -7.810000e+00 
-7.800000e+00 -7.800000e+00 
-7.790000e+00 -7.790000e+00 
-7.780000e+00 -7.780000e+00 
-7.770000e+00 -7.770000e+00 
-7.760000e+00 -7.760000e+00 
-7.750000e+00 -7.750000e+00 
-7.740000e+00 -7.740000e+00 
-7.730000e+00 -7.730000e+00 
-7.720000e+00 -7.720000e+00 
-7.710000e+00 -7.710000e+00 
-7.700000e+00 -7.700000e+00 
-7.690000e+00 -7.690000e+00 
-7.680000e+00 -7.680000e+00 
-7.670000e+00 -7.670000e+00 
-7.660000e+00 -7.660000e+00 
-7.650000e+00 -7.650000e+00 
-7.640000e+00 -7.640000e+00 
-7.630000e+00 -7.630000e+00 
-7.620000e+00 -7.620000e+00 
-7.610000e+00 -7.610000e+00 
-7.600000e+00 -7.600000e+00 
-7.590000e+00 -7.590000e+00 
-7.580000e+00 -7.580000e+00 
-7.570000e+00 -7.570000e+00 
-7.560000e+00 -7.560000e+00 
-7.550000e+00 -7.550000e+00 
-7.540000e+00 -7.540000e+00 
-7.530000e+00 -7.530000e+00 
-7.520000e+00 -7.520000e+00 
-7.510000e+00 -7.510000e+00 
-7.500000e+00 -7.500000e+00 
-7.490000e+00 -7.490000e+00 
-7.480000e+00 -7.480000e+00 
-7.470000e+00 -7.470000e+00 
-7.460000e+00 -7.460000e+00 
-7.450000e+00 -7.450000e+00 
-7.440000e+00 -7.440000e+00 
-7.430000e+00 -7.430000e+00 
-7.420000e+00 -7.420000e+00 
-7.410000e+00 -7.410000e+00 
-7.400000e+00 -7.400000e+00 
-7.390000e+00 -7.390000e+00 
-7.380000e+00 -7.380000e+00 
-7.370000e+00 -7.370000e+00 
-7.360000e+00 -7.360000e+00 
-7.350000e+00 -7.350000e+00 
-7.340000e+00 -7.340000e+00 
-7.330000e+00 -7.330000e+00 
-7.320000e+00 -7.320000e+00 
-7.310000e+00 -7.310000e+00 
-7.300000e+00 -7.300000e+00 
-7.290000e+00 -7.290000e+00 
-7.280000e+00 -7.280000e+00 
-7.270000e+00 -7.270000e+00 
-7.260000e+00 -7.260000e+00 
-7.250000e+00 -7.250000e+00 
-7.240000e+00 -7.240000e+00 
-7.230000e+00 -7.230000e+00 
-7.220000e+00 -7.220000e+00 
-7.210000e+00 -7.210000e+00 
-7.200000e+00 -7.200000e+00 
-7.190000e+00 -7.190000e+00 
-7.180000e+00 -7.180000e+00 
-7.170000e+00 -7.170000e+00 
-7.160000e+00 -7.160000e+00 
-7.150000e+00 -7.150000e+00 
-7.140000e+00 -7.140000e+00 
-7.130000e+00 -7.130000e+00 
-7.120000e+00 -7.120000e+00 
-7.110000e+00 -7.110000e+00 
-7.100000e+00 -7.100000e+00 
-7.090000e+00 -7.090000e+00 
-7.080000e+00 -7.080000e+00 
-7.070000e+00 -7.070000e+00 
-7.060000e+00 -7.060000e+00 
-7.050000e+00 -7.050000e+00 
-7.040000e+00 -7.040000e+00 
-7.030000e+00 -7.030000e+00 
-7.020000e+00 -7.020000e+00 
-7.010000e+00 -7.010000e+00 
-7.000000e+00 -7.000000e+00 
-6.990000e+00 -6.990000e+00 
-6.980000e+00 -6.980000e+00 
-6.970000e+00 -6.970000e+00 
-6.960000e+00 -6.960000e+00 
-6.950000e+00 -6.950000e+00 
-6.940000e+00 -6.940000e+00 
-6.930000e+00 -6.930001e+00 
-6.920000e+00 -6.920001e+00 
-6.910000e+00 -6.910001e+00 
-6.900000e+00 -6.900001e+00 
-6.890000e+00 -6.890001e+00 
-6.880000e+00 -6.880001e+00 
-6.870000e+00 -6.870002e+00 
-6.860000e+00 -6.860002e+00 
-6.850000e+00 -6.850003e+00 
-6.840000e+00 -6.840003e+00 
-6.830000e+00 -6.830004e+00 
-6.820000e+00 -6.820005e+00 
-6.810000e+00 -6.810006e+00 
-6.800000e+00 -6.800008e+00 
-6.790000e+00 -6.790010e+00 
-6.780000e+00 -6.780012e+00 
-6.770000e+00 -6.770014e+00 
-6.760000e+00 -6.760018e+00 
-6.750000e+00 -6.750022e+00 
-6.740000e+00 -6.740027e+00 
-6.730000e+00 -6.730033e+00 
-6.720000e+00 -6.720041e+00 
-6.710000e+00 -6.710050e+00 
-6.700000e+00 -6.700062e+00 
-6.690000e+00 -6.690076e+00 
-6.680000e+00 -6.680094e+00 
-6.670000e+00 -6.670116e+00 
-6.660000e+00 -6.660144e+00 
-6.650000e+00 -6.650179e+00 
-6.640000e+00 -6.640223e+00 
-6.630000e+00 -6.630279e+00 
-6.620000e+00 -6.620348e+00 
-6.610000e+00 -6.610435e+00 
-6.600000e+00 -6.600542e+00 
-6.590000e+00 -6.590672e+00 
-6.580000e+00 -6.580826e+00 
-6.570000e+00 -6.571006e+00 
-6.560000e+00 -6.561209e+00 
-6.550000e+00 -6.551435e+00 
-6.540000e+00 -6.541679e+00 
-6.530000e+00 -6.531939e+00 
-6.520000e+00 -6.522212e+00 
-6.510000e+00 -6.512496e+00 
-6.500000e+00 -6.502789e+00 
-6.490000e+00 -6.493089e+00 
-6.480000e+00 -6.483395e+00 
-6.470000e+00 -6.473706e+00 
-6.460000e+00 -6.464022e+00 
-6.450000e+00 -6.454341e+00 
-6.440000e+00 -6.444661e+00 
-6.430000e+00 -6.434986e+00 
-6.420000e+00 -6.425313e+00 
-6.410000e+00 -6.415642e+00 
-6.400000e+00 -6.405973e+00 
-6.390000e+00 -6.396305e+00 
-6.380000e+00 -6.386639e+00 
-6.370000e+00 -6.376974e+00 
-6.360000e+00 -6.367310e+00 
-6.350000e+00 -6.357647e+00 
-6.340000e+00 -6.347985e+00 
-6.330000e+00 -6.338324e+00 
-6.320000e+00 -6.328664e+00 
-6.310000e+00 -6.319005e+00 
-6.300000e+00 -6.309347e+00 
-6.290000e+00 -6.299690e+00 
-6.280000e+00 -6.290033e+00 
-6.270000e+00 -6.280377e+00 
-6.260000e+00 -6.270721e+00 
-6.250000e+00 -6.261066e+00 
-6.240000e+00 -6.251412e+00 
-6.230000e+00 -6.241759e+00 
-6.220000e+00 -6.232106e+00 
-6.210000e+00 -6.222454e+00 
-6.200000e+00 -6.212802e+00 
-6.190000e+00 -6.203151e+00 
-6.180000e+00 -6.193501e+00 
-6.170000e+00 -6.183851e+00 
-6.160000e+00 -6.174201e+00 
-6.150000e+00 -6.164553e+00 
-6.140000e+00 -6.154904e+00 
-6.130000e+00 -6.145257e+00 
-6.120000e+00 -6.135610e+00 
-6.110000e+00 -6.125963e+00 
-6.100000e+00 -6.116317e+00 
-6.090000e+00 -6.106672e+00 
-6.080000e+00 -6.097027e+00 
-6.070000e+00 -6.087383e+00 
-6.060000e+00 -6.077739e+00 
-6.050000e+00 -6.068096e+00 
-6.040000e+00 -6.058453e+00 
-6.030000e+00 -6.048811e+00 
-6.020000e+00 -6.039170e+00 
-6.010000e+00 -6.029529e+00 
-6.000000e+00 -6.019888e+00 
-5.990000e+00 -6.010248e+00 
-5.980000e+00 -6.000609e+00 
-5.970000e+00 -5.990970e+00 
-5.960000e+00 -5.981332e+00 
-5.950000e+00 -5.971694e+00 
-5.940000e+00 -5.962057e+00 
-5.930000e+00 -5.952421e+00 
-5.920000e+00 -5.942785e+00 
-5.910000e+00 -5.933149e+00 
-5.900000e+00 -5.923514e+00 
-5.890000e+00 -5.913880e+00 
-5.880000e+00 -5.904246e+00 
-5.870000e+00 -5.894613e+00 
-5.860000e+00 -5.884981e+00 
-5.850000e+00 -5.875348e+00 
-5.840000e+00 -5.865717e+00 
-5.830000e+00 -5.856086e+00 
-5.820000e+00 -5.846456e+00 
-5.810000e+00 -5.836826e+00 
-5.800000e+00 -5.827196e+00 
-5.790000e+00 -5.817568e+00 
-5.780000e+00 -5.807940e+00 
-5.770000e+00 -5.798312e+00 
-5.760000e+00 -5.788685e+00 
-5.750000e+00 -5.779059e+00 
-5.740000e+00 -5.769433e+00 
-5.730000e+00 -5.759808e+00 
-5.720000e+00 -5.750183e+00 
-5.710000e+00 -5.740559e+00 
-5.700000e+00 -5.730935e+00 
-5.690000e+00 -5.721312e+00 
-5.680000e+00 -5.711690e+00 
-5.670000e+00 -5.702068e+00 
-5.660000e+00 -5.692447e+00 
-5.650000e+00 -5.682827e+00 
-5.640000e+00 -5.673207e+00 
-5.630000e+00 -5.663587e+00 
-5.620000e+00 -5.653968e+00 
-5.610000e+00 -5.644350e+00 
-5.600000e+00 -5.634732e+00 
-5.590000e+00 -5.625115e+00 
-5.580000e+00 -5.615499e+00 
-5.570000e+00 -5.605883e+00 
-5.560000e+00 -5.596268e+00 
-5.550000e+00 -5.586653e+00 
-5.540000e+00 -5.577039e+00 
-5.530000e+00 -5.567425e+00 
-5.520000e+00 -5.557812e+00 
-5.510000e+00 -5.548200e+00 
-5.500000e+00 -5.538588e+00 
-5.490000e+00 -5.528977e+00 
-5.480000e+00 -5.519367e+00 
-5.470000e+00 -5.509757e+00 
-5.460000e+00 -5.500148e+00 
-5.450000e+00 -5.490539e+00 
-5.440000e+00 -5.480931e+00 
-5.430000e+00 -5.471324e+00 
-5.420000e+00 -5.461717e+00 
-5.410000e+00 -5.452110e+00 
-5.400000e+00 -5.442505e+00 
-5.390000e+00 -5.432900e+00 
-5.380000e+00 -5.423295e+00 
-5.370000e+00 -5.413692e+00 
-5.360000e+00 -5.404089e+00 
-5.350000e+00 -5.394486e+00 
-5.340000e+00 -5.384884e+00 
-5.330000e+00 -5.375283e+00 
-5.320000e+00 -5.365682e+00 
-5.310000e+00 -5.356082e+00 
-5.300000e+00 -5.346483e+00 
-5.290000e+00 -5.336884e+00 
-5.280000e+00 -5.327286e+00 
-5.270000e+00 -5.317688e+00 
-5.260000e+00 -5.308091e+00 
-5.250000e+00 -5.298495e+00 
-5.240000e+00 -5.288899e+00 
-5.230000e+00 -5.279304e+00 
-5.220000e+00 -5.269710e+00 
-5.210000e+00 -5.260116e+00 
-5.200000e+00 -5.250523e+00 
-5.190000e+00 -5.240930e+00 
-5.180000e+00 -5.231338e+00 
-5.170000e+00 -5.221747e+00 
-5.160000e+00 -5.212156e+00 
-5.150000e+00 -5.202566e+00 
-5.140000e+00 -5.192977e+00 
-5.130000e+00 -5.183388e+00 
-5.120000e+00 -5.173800e+00 
-5.110000e+00 -5.164213e+00 
-5.100000e+00 -5.154626e+00 
-5.090000e+00 -5.145040e+00 
-5.080000e+00 -5.135454e+00 
-5.070000e+00 -5.125869e+00 
-5.060000e+00 -5.116285e+00 
-5.050000e+00 -5.106701e+00 
-5.040000e+00 -5.097118e+00 
-5.030000e+00 -5.087536e+00 
-5.020000e+00 -5.077954e+00 
-5.010000e+00 -5.068373e+00 
-5.000000e+00 -5.058793e+00 
-4.990000e+00 -5.049213e+00 
-4.980000e+00 -5.039634e+00 
-4.970000e+00 -5.030056e+00 
-4.960000e+00 -5.020478e+00 
-4.950000e+00 -5.010901e+00 
-4.940000e+00 -5.001325e+00 
-4.930000e+00 -4.991749e+00 
-4.920000e+00 -4.982174e+00 
-4.910000e+00 -4.972599e+00 
-4.900000e+00 -4.963025e+00 
-4.890000e+00 -4.953452e+00 
-4.880000e+00 -4.943880e+00 
-4.870000e+00 -4.934308e+00 
-4.860000e+00 -4.924737e+00 
-4.850000e+00 -4.915166e+00 
-4.840000e+00 -4.905596e+00 
-4.830000e+00 -4.896027e+00 
-4.820000e+00 -4.886459e+00 
-4.810000e+00 -4.876891e+00 
-4.800000e+00 -4.867323e+00 
-4.790000e+00 -4.857757e+00 
-4.780000e+00 -4.848191e+00 
-4.770000e+00 -4.838626e+00 
-4.760000e+00 -4.829061e+00 
-4.750000e+00 -4.819497e+00 
-4.740000e+00 -4.809934e+00 
-4.730000e+00 -4.800372e+00 
-4.720000e+00 -4.790810e+00 
-4.710000e+00 -4.781249e+00 
-4.700000e+00 -4.771688e+00 
-4.690000e+00 -4.762128e+00 
-4.680000e+00 -4.752569e+00 
-4.670000e+00 -4.743011e+00 
-4.660000e+00 -4.733453e+00 
-4.650000e+00 -4.723896e+00 
-4.640000e+00 -4.714339e+00 
-4.630000e+00 -4.704784e+00 
-4.620000e+00 -4.695228e+00 
-4.610000e+00 -4.685674e+00 
-4.600000e+00 -4.676120e+00 
-4.590000e+00 -4.666567e+00 
-4.580000e+00 -4.657015e+00 
-4.570000e+00 -4.647463e+00 
-4.560000e+00 -4.637912e+00 
-4.550000e+00 -4.628362e+00 
-4.540000e+00 -4.618812e+00 
-4.530000e+00 -4.609263e+00 
-4.520000e+00 -4.599715e+00 
-4.510000e+00 -4.590168e+00 
-4.500000e+00 -4.580621e+00 
-4.490000e+00 -4.571074e+00 
-4.480000e+00 -4.561529e+00 
-4.470000e+00 -4.551984e+00 
-4.460000e+00 -4.542440e+00 
-4.450000e+00 -4.532897e+00 
-4.440000e+00 -4.523354e+00 
-4.430000e+00 -4.513812e+00 
-4.420000e+00 -4.504270e+00 
-4.410000e+00 -4.494730e+00 
-4.400000e+00 -4.485190e+00 
-4.390000e+00 -4.475651e+00 
-4.380000e+00 -4.466112e+00 
-4.370000e+00 -4.456574e+00 
-4.360000e+00 -4.447037e+00 
-4.350000e+00 -4.437501e+00 
-4.340000e+00 -4.427965e+00 
-4.330000e+00 -4.418430e+00 
-4.320000e+00 -4.408895e+00 
-4.310000e+00 -4.399362e+00 
-4.300000e+00 -4.389829e+00 
-4.290000e+00 -4.380296e+00 
-4.280000e+00 -4.370765e+00 
-4.270000e+00 -4.361234e+00 
-4.260000e+00 -4.351704e+00 
-4.250000e+00 -4.342175e+00 
-4.240000e+00 -4.332646e+00 
-4.230000e+00 -4.323118e+00 
-4.220000e+00 -4.313590e+00 
-4.210000e+00 -4.304064e+00 
-4.200000e+00 -4.294538e+00 
-4.190000e+00 -4.285013e+00 
-4.180000e+00 -4.275488e+00 
-4.170000e+00 -4.265965e+00 
-4.160000e+00 -4.256442e+00 
-4.150000e+00 -4.246919e+00 
-4.140000e+00 -4.237398e+00 
-4.130000e+00 -4.227877e+00 
-4.120000e+00 -4.218357e+00 
-4.110000e+00 -4.208837e+00 
-4.100000e+00 -4.199318e+00 
-4.090000e+00 -4.189800e+00 
-4.080000e+00 -4.180283e+00 
-4.070000e+00 -4.170766e+00 
-4.060000e+00 -4.161251e+00 
-4.050000e+00 -4.151735e+00 
-4.040000e+00 -4.142221e+00 
-4.030000e+00 -4.132707e+00 
-4.020000e+00 -4.123194e+00 
-4.010000e+00 -4.113682e+00 
-4.000000e+00 -4.104171e+00 
-3.990000e+00 -4.094660e+00 
-3.980000e+00 -4.085150e+00 
-3.970000e+00 -4.075640e+00 
-3.960000e+00 -4.066132e+00 
-3.950000e+00 -4.056624e+00 
-3.940000e+00 -4.047117e+00 
-3.930000e+00 -4.037610e+00 
-3.920000e+00 -4.028104e+00 
-3.910000e+00 -4.018599e+00 
-3.900000e+00 -4.009095e+00 
-3.890000e+00 -3.999592e+00 
-3.880000e+00 -3.990089e+00 
-3.870000e+00 -3.980587e+00 
-3.860000e+00 -3.971086e+00 
-3.850000e+00 -3.961585e+00 
-3.840000e+00 -3.952085e+00 
-3.830000e+00 -3.942586e+00 
-3.820000e+00 -3.933088e+00 
-3.810000e+00 -3.923590e+00 
-3.800000e+00 -3.914093e+00 
-3.790000e+00 -3.904597e+00 
-3.780000e+00 -3.895102e+00 
-3.770000e+00 -3.885607e+00 
-3.760000e+00 -3.876113e+00 
-3.750000e+00 -3.866620e+00 
-3.740000e+00 -3.857127e+00 
-3.730000e+00 -3.847636e+00 
-3.720000e+00 -3.838145e+00 
-3.710000e+00 -3.828654e+00 
-3.700000e+00 -3.819165e+00 
-3.690000e+00 -3.809676e+00 
-3.680000e+00 -3.800188e+00 
-3.670000e+00 -3.790701e+00 
-3.660000e+00 -3.781215e+00 
-3.650000e+00 -3.771729e+00 
-3.640000e+00 -3.762244e+00 
-3.630000e+00 -3.752760e+00 
-3.620000e+00 -3.743276e+00 
-3.610000e+00 -3.733793e+00 
-3.600000e+00 -3.724311e+00 
-3.590000e+00 -3.714830e+00 
-3.580000e+00 -3.705350e+00 
-3.570000e+00 -3.695870e+00 
-3.560000e+00 -3.686391e+00 
-3.550000e+00 -3.676913e+00 
-3.540000e+00 -3.667435e+00 
-3.530000e+00 -3.657959e+00 
-3.520000e+00 -3.648483e+00 
-3.510000e+00 -3.639008e+00 
-3.500000e+00 -3.629533e+00 
-3.490000e+00 -3.620059e+00 
-3.480000e+00 -3.610587e+00 
-3.470000e+00 -3.601114e+00 
-3.460000e+00 -3.591643e+00 
-3.450000e+00 -3.582172e+00 
-3.440000e+00 -3.572703e+00 
-3.430000e+00 -3.563233e+00 
-3.420000e+00 -3.553765e+00 
-3.410000e+00 -3.544298e+00 
-3.400000e+00 -3.534831e+00 
-3.390000e+00 -3.525365e+00 
-3.380000e+00 -3.515899e+00 
-3.370000e+00 -3.506435e+00 
-3.360000e+00 -3.496971e+00 
-3.350000e+00 -3.487508e+00 
-3.340000e+00 -3.478046e+00 
-3.330000e+00 -3.468585e+00 
-3.320000e+00 -3.459124e+00 
-3.310000e+00 -3.449664e+00 
-3.300000e+00 -3.440205e+00 
-3.290000e+00 -3.430747e+00 
-3.280000e+00 -3.421289e+00 
-3.270000e+00 -3.411832e+00 
-3.260000e+00 -3.402376e+00 
-3.250000e+00 -3.392921e+00 
-3.240000e+00 -3.383467e+00 
-3.230000e+00 -3.374013e+00 
-3.220000e+00 -3.364560e+00 
-3.210000e+00 -3.355108e+00 
-3.200000e+00 -3.345657e+00 
-3.190000e+00 -3.336206e+00 
-3.180000e+00 -3.326756e+00 
-3.170000e+00 -3.317307e+00 
-3.160000e+00 -3.307859e+00 
-3.150000e+00 -3.298412e+00 
-3.140000e+00 -3.288965e+00 
-3.130000e+00 -3.279519e+00 
-3.120000e+00 -3.270074e+00 
-3.110000e+00 -3.260630e+00 
-3.100000e+00 -3.251186e+00 
-3.090000e+00 -3.241744e+00 
-3.080000e+00 -3.232302e+00 
-3.070000e+00 -3.222861e+00 
-3.060000e+00 -3.213420e+00 
-3.050000e+00 -3.203981e+00 
-3.040000e+00 -3.194542e+00 
-3.030000e+00 -3.185104e+00 
-3.020000e+00 -3.175667e+00 
-3.010000e+00 -3.166230e+00 
-3.000000e+00 -3.156795e+00 
-2.990000e+00 -3.147360e+00 
-2.980000e+00 -3.137926e+00 
-2.970000e+00 -3.128493e+00 
-2.960000e+00 -3.119060e+00 
-2.950000e+00 -3.109629e+00 
-2.940000e+00 -3.100198e+00 
-2.930000e+00 -3.090768e+00 
-2.920000e+00 -3.081339e+00 
-2.910000e+00 -3.071910e+00 
-2.900000e+00 -3.062483e+00 
-2.890000e+00 -3.053056e+00 
-2.880000e+00 -3.043630e+00 
-2.870000e+00 -3.034204e+00 
-2.860000e+00 -3.024780e+00 
-2.850000e+00 -3.015356e+00 
-2.840000e+00 -3.005934e+00 
-2.830000e+00 -2.996512e+00 
-2.820000e+00 -2.987090e+00 
-2.810000e+00 -2.977670e+00 
-2.800000e+00 -2.968250e+00 
-2.790000e+00 -2.958831e+00 
-2.780000e+00 -2.949413e+00 
-2.770000e+00 -2.939996e+00 
-2.760000e+00 -2.930580e+00 
-2.750000e+00 -2.921164e+00 
-2.740000e+00 -2.911750e+00 
-2.730000e+00 -2.902336e+00 
-2.720000e+00 -2.892923e+00 
-2.710000e+00 -2.883510e+00 
-2.700000e+00 -2.874099e+00 
-2.690000e+00 -2.864688e+00 
-2.680000e+00 -2.855278e+00 
-2.670000e+00 -2.845869e+00 
-2.660000e+00 -2.836461e+00 
-2.650000e+00 -2.827053e+00 
-2.640000e+00 -2.817647e+00 
-2.630000e+00 -2.808241e+00 
-2.620000e+00 -2.798836e+00 
-2.610000e+00 -2.789432e+00 
-2.600000e+00 -2.780029e+00 
-2.590000e+00 -2.770626e+00 
-2.580000e+00 -2.761224e+00 
-2.570000e+00 -2.751824e+00 
-2.560000e+00 -2.742424e+00 
-2.550000e+00 -2.733024e+00 
-2.540000e+00 -2.723626e+00 
-2.530000e+00 -2.714228e+00 
-2.520000e+00 -2.704832e+00 
-2.510000e+00 -2.695436e+00 
-2.500000e+00 -2.686041e+00 
-2.490000e+00 -2.676646e+00 
-2.480000e+00 -2.667253e+00 
-2.470000e+00 -2.657860e+00 
-2.460000e+00 -2.648468e+00 
-2.450000e+00 -2.639078e+00 
-2.440000e+00 -2.629687e+00 
-2.430000e+00 -2.620298e+00 
-2.420000e+00 -2.610910e+00 
-2.410000e+00 -2.601522e+00 
-2.400000e+00 -2.592135e+00 
-2.390000e+00 -2.582749e+00 
-2.380000e+00 -2.573364e+00 
-2.370000e+00 -2.563980e+00 
-2.360000e+00 -2.554596e+00 
-2.350000e+00 -2.545214e+00 
-2.340000e+00 -2.535832e+00 
-2.330000e+00 -2.526451e+00 
-2.320000e+00 -2.517071e+00 
-2.310000e+00 -2.507692e+00 
-2.300000e+00 -2.498313e+00 
-2.290000e+00 -2.488936e+00 
-2.280000e+00 -2.479559e+00 
-2.270000e+00 -2.470183e+00 
-2.260000e+00 -2.460808e+00 
-2.250000e+00 -2.451434e+00 
-2.240000e+00 -2.442061e+00 
-2.230000e+00 -2.432688e+00 
-2.220000e+00 -2.423316e+00 
-2.210000e+00 -2.413946e+00 
-2.200000e+00 -2.404576e+00 
-2.190000e+00 -2.395206e+00 
-2.180000e+00 -2.385838e+00 
-2.170000e+00 -2.376471e+00 
-2.160000e+00 -2.367104e+00 
-2.150000e+00 -2.357738e+00 
-2.140000e+00 -2.348374e+00 
-2.130000e+00 -2.339009e+00 
-2.120000e+00 -2.329646e+00 
-2.110000e+00 -2.320284e+00 
-2.100000e+00 -2.310923e+00 
-2.090000e+00 -2.301562e+00 
-2.080000e+00 -2.292202e+00 
-2.070000e+00 -2.282843e+00 
-2.060000e+00 -2.273485e+00 
-2.050000e+00 -2.264128e+00 
-2.040000e+00 -2.254772e+00 
-2.030000e+00 -2.245416e+00 
-2.020000e+00 -2.236062e+00 
-2.010000e+00 -2.226708e+00 
-2.000000e+00 -2.217355e+00 
-1.990000e+00 -2.208003e+00 
-1.980000e+00 -2.198652e+00 
-1.970000e+00 -2.189301e+00 
-1.960000e+00 -2.179952e+00 
-1.950000e+00 -2.170603e+00 
-1.940000e+00 -2.161256e+00 
-1.930000e+00 -2.151909e+00 
-1.920000e+00 -2.142563e+00 
-1.910000e+00 -2.133218e+00 
-1.900000e+00 -2.123874e+00 
-1.890000e+00 -2.114530e+00 
-1.880000e+00 -2.105188e+00 
-1.870000e+00 -2.095846e+00 
-1.860000e+00 -2.086505e+00 
-1.850000e+00 -2.077165e+00 
-1.840000e+00 -2.067826e+00 
-1.830000e+00 -2.058488e+00 
-1.820000e+00 -2.049151e+00 
-1.810000e+00 -2.039814e+00 
-1.800000e+00 -2.030479e+00 
-1.790000e+00 -2.021144e+00 
-1.780000e+00 -2.011810e+00 
-1.770000e+00 -2.002478e+00 
-1.760000e+00 -1.993145e+00 
-1.750000e+00 -1.983814e+00 
-1.740000e+00 -1.974484e+00 
-1.730000e+00 -1.965155e+00 
-1.720000e+00 -1.955826e+00 
-1.710000e+00 -1.946498e+00 
-1.700000e+00 -1.937172e+00 
-1.690000e+00 -1.927846e+00 
-1.680000e+00 -1.918521e+00 
-1.670000e+00 -1.909197e+00 
-1.660000e+00 -1.899874e+00 
-1.650000e+00 -1.890551e+00 
-1.640000e+00 -1.881230e+00 
-1.630000e+00 -1.871909e+00 
-1.620000e+00 -1.862589e+00 
-1.610000e+00 -1.853271e+00 
-1.600000e+00 -1.843953e+00 
-1.590000e+00 -1.834636e+00 
-1.580000e+00 -1.825320e+00 
-1.570000e+00 -1.816004e+00 
-1.560000e+00 -1.806690e+00 
-1.550000e+00 -1.797377e+00 
-1.540000e+00 -1.788064e+00 
-1.530000e+00 -1.778752e+00 
-1.520000e+00 -1.769442e+00 
-1.510000e+00 -1.760132e+00 
-1.500000e+00 -1.750823e+00 
-1.490000e+00 -1.741515e+00 
-1.480000e+00 -1.732207e+00 
-1.470000e+00 -1.722901e+00 
-1.460000e+00 -1.713596e+00 
-1.450000e+00 -1.704291e+00 
-1.440000e+00 -1.694988e+00 
-1.430000e+00 -1.685685e+00 
-1.420000e+00 -1.676383e+00 
-1.410000e+00 -1.667082e+00 
-1.400000e+00 -1.657782e+00 
-1.390000e+00 -1.648483e+00 
-1.380000e+00 -1.639185e+00 
-1.370000e+00 -1.629887e+00 
-1.360000e+00 -1.620591e+00 
-1.350000e+00 -1.611296e+00 
-1.340000e+00 -1.602001e+00 
-1.330000e+00 -1.592707e+00 
-1.320000e+00 -1.583415e+00 
-1.310000e+00 -1.574123e+00 
-1.300000e+00 -1.564832e+00 
-1.290000e+00 -1.555542e+00 
-1.280000e+00 -1.546253e+00 
-1.270000e+00 -1.536964e+00 
-1.260000e+00 -1.527677e+00 
-1.250000e+00 -1.518391e+00 
-1.240000e+00 -1.509105e+00 
-1.230000e+00 -1.499821e+00 
-1.220000e+00 -1.490537e+00 
-1.210000e+00 -1.481254e+00 
-1.200000e+00 -1.471972e+00 
-1.190000e+00 -1.462691e+00 
-1.180000e+00 -1.453411e+00 
-1.170000e+00 -1.444132e+00 
-1.160000e+00 -1.434854e+00 
-1.150000e+00 -1.425577e+00 
-1.140000e+00 -1.416301e+00 
-1.130000e+00 -1.407025e+00 
-1.120000e+00 -1.397751e+00 
-1.110000e+00 -1.388477e+00 
-1.100000e+00 -1.379205e+00 
-1.090000e+00 -1.369933e+00 
-1.080000e+00 -1.360662e+00 
-1.070000e+00 -1.351392e+00 
-1.060000e+00 -1.342123e+00 
-1.050000e+00 -1.332855e+00 
-1.040000e+00 -1.323588e+00 
-1.030000e+00 -1.314322e+00 
-1.020000e+00 -1.305057e+00 
-1.010000e+00 -1.295792e+00 
-1.000000e+00 -1.286529e+00 
-9.900000e-01 -1.277266e+00 
-9.800000e-01 -1.268005e+00 
-9.700000e-01 -1.258744e+00 
-9.600000e-01 -1.249485e+00 
-9.500000e-01 -1.240226e+00 
-9.400000e-01 -1.230968e+00 
-9.300000e-01 -1.221711e+00 
-9.200000e-01 -1.212455e+00 
-9.100000e-01 -1.203200e+00 
-9.000000e-01 -1.193946e+00 
-8.900000e-01 -1.184693e+00 
-8.800000e-01 -1.175441e+00 
-8.700000e-01 -1.166190e+00 
-8.600000e-01 -1.156940e+00 
-8.500000e-01 -1.147690e+00 
-8.400000e-01 -1.138442e+00 
-8.300000e-01 -1.129194e+00 
-8.200000e-01 -1.119948e+00 
-8.100000e-01 -1.110702e+00 
-8.000000e-01 -1.101457e+00 
-7.900000e-01 -1.092214e+00 
-7.800000e-01 -1.082971e+00 
-7.700000e-01 -1.073729e+00 
-7.600000e-01 -1.064488e+00 
-7.500000e-01 -1.055248e+00 
-7.400000e-01 -1.046009e+00 
-7.300000e-01 -1.036771e+00 
-7.200000e-01 -1.027534e+00 
-7.100000e-01 -1.018298e+00 
-7.000000e-01 -1.009063e+00 
-6.900000e-01 -9.998287e-01 
-6.800000e-01 -9.905954e-01 
-6.700000e-01 -9.813630e-01 
-6.600000e-01 -9.721316e-01 
-6.500000e-01 -9.629012e-01 
-6.400000e-01 -9.536717e-01 
-6.300000e-01 -9.444432e-01 
-6.200000e-01 -9.352156e-01 
-6.100000e-01 -9.259890e-01 
-6.000000e-01 -9.167634e-01 
-5.900000e-01 -9.075387e-01 
-5.800000e-01 -8.983149e-01 
-5.700000e-01 -8.890922e-01 
-5.600000e-01 -8.798703e-01 
-5.500000e-01 -8.706495e-01 
-5.400000e-01 -8.614296e-01 
-5.300000e-01 -8.522106e-01 
-5.200000e-01 -8.429927e-01 
-5.100000e-01 -8.337756e-01 
-5.000000e-01 -8.245596e-01 
-4.900000e-01 -8.153445e-01 
-4.800000e-01 -8.061304e-01 
-4.700000e-01 -7.969172e-01 
-4.600000e-01 -7.877050e-01 
-4.500000e-01 -7.784938e-01 
-4.400000e-01 -7.692836e-01 
-4.300000e-01 -7.600743e-01 
-4.200000e-01 -7.508660e-01 
-4.100000e-01 -7.416586e-01 
-4.000000e-01 -7.324522e-01 
-3.900000e-01 -7.232468e-01 
-3.800000e-01 -7.140424e-01 
-3.700000e-01 -7.048389e-01 
-3.600000e-01 -6.956364e-01 
-3.500000e-01 -6.864349e-01 
-3.400000e-01 -6.772344e-01 
-3.300000e-01 -6.680348e-01 
-3.200000e-01 -6.588362e-01 
-3.100000e-01 -6.496386e-01 
-3.000000e-01 -6.404420e-01 
-2.900000e-01 -6.312463e-01 
-2.800000e-01 -6.220517e-01 
-2.700000e-01 -6.128580e-01 
-2.600000e-01 -6.036653e-01 
-2.500000e-01 -5.944735e-01 
-2.400000e-01 -5.852828e-01 
-2.300000e-01 -5.760930e-01 
-2.200000e-01 -5.669042e-01 
-2.100000e-01 -5.577164e-01 
-2.000000e-01 -5.485296e-01 
-1.900000e-01 -5.393437e-01 
-1.800000e-01 -5.301589e-01 
-1.700000e-01 -5.209750e-01 
-1.600000e-01 -5.117922e-01 
-1.500000e-01 -5.026103e-01 
-1.400000e-01 -4.934294e-01 
-1.300000e-01 -4.842495e-01 
-1.200000e-01 -4.750705e-01 
-1.100000e-01 -4.658926e-01 
-1.000000e-01 -4.567157e-01 
-9.000000e-02 -4.475397e-01 
-8.000000e-02 -4.383648e-01 
-7.000000e-02 -4.291908e-01 
-6.000000e-02 -4.200179e-01 
-5.000000e-02 -4.108459e-01 
-4.000000e-02 -4.016749e-01 
-3.000000e-02 -3.925049e-01 
-2.000000e-02 -3.833359e-01 
-1.000000e-02 -3.741680e-01 
-2.967869e-13 -3.650010e-01 
 1.000000e-02 -3.558350e-01 
 2.000000e-02 -3.466700e-01 
 3.000000e-02 -3.375060e-01 
 4.000000e-02 -3.283430e-01 
 5.000000e-02 -3.191810e-01 
 6.000000e-02 -3.100201e-01 
 7.000000e-02 -3.008601e-01 
 8.000000e-02 -2.917011e-01 
 9.000000e-02 -2.825431e-01 
 1.000000e-01 -2.733862e-01 
 1.100000e-01 -2.642302e-01 
 1.200000e-01 -2.550753e-01 
 1.300000e-01 -2.459213e-01 
 1.400000e-01 -2.367684e-01 
 1.500000e-01 -2.276165e-01 
 1.600000e-01 -2.184656e-01 
 1.700000e-01 -2.093156e-01 
 1.800000e-01 -2.001667e-01 
 1.900000e-01 -1.910189e-01 
 2.000000e-01 -1.818720e-01 
 2.100000e-01 -1.727261e-01 
 2.200000e-01 -1.635813e-01 
 2.300000e-01 -1.544375e-01 
 2.400000e-01 -1.452946e-01 
 2.500000e-01 -1.361528e-01 
 2.600000e-01 -1.270121e-01 
 2.700000e-01 -1.178723e-01 
 2.800000e-01 -1.087335e-01 
 2.900000e-01 -9.959581e-02 
 3.000000e-01 -9.045910e-02 
 3.100000e-01 -8.132341e-02 
 3.200000e-01 -7.218874e-02 
 3.300000e-01 -6.305509e-02 
 3.400000e-01 -5.392247e-02 
 3.500000e-01 -4.479086e-02 
 3.600000e-01 -3.566028e-02 
 3.700000e-01 -2.653073e-02 
 3.800000e-01 -1.740219e-02 
 3.900000e-01 -8.274688e-03 
 4.000000e-01  8.517908e-04 
 4.100000e-01  9.977243e-03 
 4.200000e-01  1.910167e-02 
 4.300000e-01  2.822506e-02 
 4.400000e-01  3.734743e-02 
 4.500000e-01  4.646877e-02 
 4.600000e-01  5.558908e-02 
 4.700000e-01  6.470835e-02 
 4.800000e-01  7.382660e-02 
 4.900000e-01  8.294381e-02 
 5.000000e-01  9.205998e-02 
 5.100000e-01  1.011751e-01 
 5.200000e-01  1.102882e-01 
 5.300000e-01  1.194023e-01 
 5.400000e-01  1.285144e-01 
 5.500000e-01  1.376254e-01 
 5.600000e-01  1.467353e-01 
 5.700000e-01  1.558442e-01 
 5.800000e-01  1.649521e-01 
 5.900000e-01  1.740590e-01 
 6.000000e-01  1.831648e-01 
 6.100000e-01  1.922695e-01 
 6.200000e-01  2.013733e-01 
 6.300000e-01  2.104760e-01 
 6.400000e-01  2.195776e-01 
 6.500000e-01  2.286782e-01 
 6.600000e-01  2.377777e-01 
 6.700000e-01  2.468762e-01 
 6.800000e-01  2.559737e-01 
 6.900000e-01  2.650701e-01 
 7.000000e-01  2.741655e-01 
 7.100000e-01  2.832598e-01 
 7.200000e-01  2.923531e-01 
 7.300000e-01  3.014453e-01 
 7.400000e-01  3.105365e-01 
 7.500000e-01  3.196266e-01 
 7.600000e-01  3.287156e-01 
 7.700000e-01  3.378037e-01 
 7.800000e-01  3.468906e-01 
 7.900000e-01  3.559765e-01 
 8.000000e-01  3.650614e-01 
 8.100000e-01  3.741452e-01 
 8.200000e-01  3.832279e-01 
 8.300000e-01  3.923096e-01 
 8.400000e-01  4.013902e-01 
 8.500000e-01  4.104698e-01 
 8.600000e-01  4.195483e-01 
 8.700000e-01  4.286258e-01 
 8.800000e-01  4.377022e-01 
 8.900000e-01  4.467775e-01 
 9.000000e-01  4.558518e-01 
 9.100000e-01  4.649250e-01 
 9.200000e-01  4.739971e-01 
 9.300000e-01  4.830682e-01 
 9.400000e-01  4.921382e-01 
 9.500000e-01  5.012072e-01 
 9.600000e-01  5.102751e-01 
 9.700000e-01  5.193419e-01 
 9.800000e-01  5.284077e-01 
 9.900000e-01  5.374724e-01 
 1.000000e+00  5.465360e-01 
 1.010000e+00  5.555985e-01 
 1.020000e+00  5.646600e-01 
 1.030000e+00  5.737204e-01 
 1.040000e+00  5.827798e-01 
 1.050000e+00  5.918380e-01 
 1.060000e+00  6.008952e-01 
 1.070000e+00  6.099514e-01 
 1.080000e+00  6.190064e-01 
 1.090000e+00  6.280604e-01 
 1.100000e+00  6.371133e-01 
 1.110000e+00  6.461651e-01 
 1.120000e+00  6.552159e-01 
 1.130000e+00  6.642655e-01 
 1.140000e+00  6.733141e-01 
 1.150000e+00  6.823616e-01 
 1.160000e+00  6.914081e-01 
 1.170000e+00  7.004534e-01 
 1.180000e+00  7.094977e-01 
 1.190000e+00  7.185409e-01 
 1.200000e+00  7.275830e-01 
 1.210000e+00  7.366240e-01 
 1.220000e+00  7.456640e-01 
 1.230000e+00  7.547028e-01 
 1.240000e+00  7.637406e-01 
 1.250000e+00  7.727773e-01 
 1.260000e+00  7.818129e-01 
 1.270000e+00  7.908474e-01 
 1.280000e+00  7.998808e-01 
 1.290000e+00  8.089132e-01 
 1.300000e+00  8.179432e-01 
 1.310000e+00  8.269746e-01 
 1.320000e+00  8.360036e-01 
 1.330000e+00  8.450316e-01 
 1.340000e+00  8.540585e-01 
 1.350000e+00  8.630843e-01 
 1.360000e+00  8.721090e-01 
 1.370000e+00  8.811326e-01 
 1.380000e+00  8.901538e-01 
 1.390000e+00  8.991765e-01 
 1.400000e+00  9.081968e-01 
 1.410000e+00  9.172160e-01 
 1.420000e+00  9.262341e-01 
 1.430000e+00  9.352512e-01 
 1.440000e+00  9.442671e-01 
 1.450000e+00  9.532819e-01 
 1.460000e+00  9.622956e-01 
 1.470000e+00  9.713082e-01 
 1.480000e+00  9.803198e-01 
 1.490000e+00  9.893302e-01 
 1.500000e+00  9.983395e-01 
 1.510000e+00  1.007348e+00 
 1.520000e+00  1.016355e+00 
 1.530000e+00  1.025361e+00 
 1.540000e+00  1.034366e+00 
 1.550000e+00  1.043369e+00 
 1.560000e+00  1.052372e+00 
 1.570000e+00  1.061374e+00 
 1.580000e+00  1.070374e+00 
 1.590000e+00  1.079374e+00 
 1.600000e+00  1.088372e+00 
 1.610000e+00  1.097369e+00 
 1.620000e+00  1.106365e+00 
 1.630000e+00  1.115360e+00 
 1.640000e+00  1.124354e+00 
 1.650000e+00  1.133346e+00 
 1.660000e+00  1.142338e+00 
 1.670000e+00  1.151328e+00 
 1.680000e+00  1.160318e+00 
 1.690000e+00  1.169306e+00 
 1.700000e+00  1.178293e+00 
 1.710000e+00  1.187279e+00 
 1.720000e+00  1.196264e+00 
 1.730000e+00  1.205248e+00 
 1.740000e+00  1.214230e+00 
 1.750000e+00  1.223212e+00 
 1.760000e+00  1.232192e+00 
 1.770000e+00  1.241171e+00 
 1.780000e+00  1.250149e+00 
 1.790000e+00  1.259126e+00 
 1.800000e+00  1.268102e+00 
 1.810000e+00  1.277077e+00 
 1.820000e+00  1.286051e+00 
 1.830000e+00  1.295023e+00 
 1.840000e+00  1.303995e+00 
 1.850000e+00  1.312965e+00 
 1.860000e+00  1.321934e+00 
 1.870000e+00  1.330902e+00 
 1.880000e+00  1.339869e+00 
 1.890000e+00  1.348835e+00 
 1.900000e+00  1.357799e+00 
 1.910000e+00  1.366763e+00 
 1.920000e+00  1.375725e+00 
 1.930000e+00  1.384686e+00 
 1.940000e+00  1.393646e+00 
 1.950000e+00  1.402605e+00 
 1.960000e+00  1.411563e+00 
 1.970000e+00  1.420520e+00 
 1.980000e+00  1.429475e+00 
 1.990000e+00  1.438430e+00 
 2.000000e+00  1.447383e+00 
 2.010000e+00  1.456335e+00 
 2.020000e+00  1.465286e+00 
 2.030000e+00  1.474236e+00 
 2.040000e+00  1.483185e+00 
 2.050000e+00  1.492132e+00 
 2.060000e+00  1.501079e+00 
 2.070000e+00  1.510024e+00 
 2.080000e+00  1.518968e+00 
 2.090000e+00  1.527911e+00 
 2.100000e+00  1.536853e+00 
 2.110000e+00  1.545793e+00 
 2.120000e+00  1.554733e+00 
 2.130000e+00  1.563671e+00 
 2.140000e+00  1.572609e+00 
 2.150000e+00  1.581545e+00 
 2.160000e+00  1.590480e+00 
 2.170000e+00  1.599413e+00 
 2.180000e+00  1.608346e+00 
 2.190000e+00  1.617278e+00 
 2.200000e+00  1.626208e+00 
 2.210000e+00  1.635137e+00 
 2.220000e+00  1.644065e+00 
 2.230000e+00  1.652992e+00 
 2.240000e+00  1.661918e+00 
 2.250000e+00  1.670842e+00 
 2.260000e+00  1.679766e+00 
 2.270000e+00  1.688688e+00 
 2.280000e+00  1.697609e+00 
 2.290000e+00  1.706529e+00 
 2.300000e+00  1.715448e+00 
 2.310000e+00  1.724365e+00 
 2.320000e+00  1.733282e+00 
 2.330000e+00  1.742197e+00 
 2.340000e+00  1.751111e+00 
 2.350000e+00  1.760024e+00 
 2.360000e+00  1.768936e+00 
 2.370000e+00  1.777847e+00 
 2.380000e+00  1.786756e+00 
 2.390000e+00  1.795665e+00 
 2.400000e+00  1.804572e+00 
 2.410000e+00  1.813478e+00 
 2.420000e+00  1.822382e+00 
 2.430000e+00  1.831286e+00 
 2.440000e+00  1.840189e+00 
 2.450000e+00  1.849090e+00 
 2.460000e+00  1.857990e+00 
 2.470000e+00  1.866889e+00 
 2.480000e+00  1.875787e+00 
 2.490000e+00  1.884683e+00 
 2.500000e+00  1.893579e+00 
 2.510000e+00  1.902473e+00 
 2.520000e+00  1.911366e+00 
 2.530000e+00  1.920258e+00 
 2.540000e+00  1.929149e+00 
 2.550000e+00  1.938038e+00 
 2.560000e+00  1.946927e+00 
 2.570000e+00  1.955814e+00 
 2.580000e+00  1.964700e+00 
 2.590000e+00  1.973585e+00 
 2.600000e+00  1.982469e+00 
 2.610000e+00  1.991351e+00 
 2.620000e+00  2.000233e+00 
 2.630000e+00  2.009113e+00 
 2.640000e+00  2.017992e+00 
 2.650000e+00  2.026869e+00 
 2.660000e+00  2.035746e+00 
 2.670000e+00  2.044621e+00 
 2.680000e+00  2.053496e+00 
 2.690000e+00  2.062369e+00 
 2.700000e+00  2.071240e+00 
 2.710000e+00  2.080111e+00 
 2.720000e+00  2.088981e+00 
 2.730000e+00  2.097849e+00 
 2.740000e+00  2.106716e+00 
 2.750000e+00  2.115582e+00 
 2.760000e+00  2.124447e+00 
 2.770000e+00  2.133310e+00 
 2.780000e+00  2.142172e+00 
 2.790000e+00  2.151033e+00 
 2.800000e+00  2.159893e+00 
 2.810000e+00  2.168752e+00 
 2.820000e+00  2.177610e+00 
 2.830000e+00  2.186466e+00 
 2.840000e+00  2.195321e+00 
 2.850000e+00  2.204175e+00 
 2.860000e+00  2.213028e+00 
 2.870000e+00  2.221879e+00 
 2.880000e+00  2.230730e+00 
 2.890000e+00  2.239579e+00 
 2.900000e+00  2.248427e+00 
 2.910000e+00  2.257274e+00 
 2.920000e+00  2.266119e+00 
 2.930000e+00  2.274964e+00 
 2.940000e+00  2.283807e+00 
 2.950000e+00  2.292649e+00 
 2.960000e+00  2.301489e+00 
 2.970000e+00  2.310329e+00 
 2.980000e+00  2.319167e+00 
 2.990000e+00  2.328004e+00 
 3.000000e+00  2.336840e+00 
 3.010000e+00  2.345675e+00 
 3.020000e+00  2.354509e+00 
 3.030000e+00  2.363341e+00 
 3.040000e+00  2.372172e+00 
 3.050000e+00  2.381002e+00 
 3.060000e+00  2.389830e+00 
 3.070000e+00  2.398658e+00 
 3.080000e+00  2.407484e+00 
 3.090000e+00  2.416309e+00 
 3.100000e+00  2.425133e+00 
 3.110000e+00  2.433955e+00 
 3.120000e+00  2.442777e+00 
 3.130000e+00  2.451597e+00 
 3.140000e+00  2.460416e+00 
 3.150000e+00  2.469234e+00 
 3.160000e+00  2.478050e+00 
 3.170000e+00  2.486865e+00 
 3.180000e+00  2.495679e+00 
 3.190000e+00  2.504492e+00 
 3.200000e+00  2.513304e+00 
 3.210000e+00  2.522114e+00 
 3.220000e+00  2.530923e+00 
 3.230000e+00  2.539731e+00 
 3.240000e+00  2.548538e+00 
 3.250000e+00  2.557344e+00 
 3.260000e+00  2.566148e+00 
 3.270000e+00  2.574951e+00 
 3.280000e+00  2.583753e+00 
 3.290000e+00  2.592553e+00 
 3.300000e+00  2.601353e+00 
 3.310000e+00  2.610151e+00 
 3.320000e+00  2.618948e+00 
 3.330000e+00  2.627743e+00 
 3.340000e+00  2.636538e+00 
 3.350000e+00  2.645331e+00 
 3.360000e+00  2.654123e+00 
 3.370000e+00  2.662914e+00 
 3.380000e+00  2.671703e+00 
 3.390000e+00  2.680492e+00 
 3.400000e+00  2.689279e+00 
 3.410000e+00  2.698064e+00 
 3.420000e+00  2.706849e+00 
 3.430000e+00  2.715632e+00 
 3.440000e+00  2.724414e+00 
 3.450000e+00  2.733195e+00 
 3.460000e+00  2.741975e+00 
 3.470000e+00  2.750753e+00 
 3.480000e+00  2.759530e+00 
 3.490000e+00  2.768306e+00 
 3.500000e+00  2.777081e+00 
 3.510000e+00  2.785854e+00 
 3.520000e+00  2.794627e+00 
 3.530000e+00  2.803397e+00 
 3.540000e+00  2.812167e+00 
 3.550000e+00  2.820936e+00 
 3.560000e+00  2.829703e+00 
 3.570000e+00  2.838469e+00 
 3.580000e+00  2.847233e+00 
 3.590000e+00  2.855997e+00 
 3.600000e+00  2.864759e+00 
 3.610000e+00  2.873520e+00 
 3.620000e+00  2.882280e+00 
 3.630000e+00  2.891038e+00 
 3.640000e+00  2.899795e+00 
 3.650000e+00  2.908551e+00 
 3.660000e+00  2.917306e+00 
 3.670000e+00  2.926059e+00 
 3.680000e+00  2.934812e+00 
 3.690000e+00  2.943563e+00 
 3.700000e+00  2.952312e+00 
 3.710000e+00  2.961061e+00 
 3.720000e+00  2.969808e+00 
 3.730000e+00  2.978554e+00 
 3.740000e+00  2.987298e+00 
 3.750000e+00  2.996042e+00 
 3.760000e+00  3.004784e+00 
 3.770000e+00  3.013525e+00 
 3.780000e+00  3.022264e+00 
 3.790000e+00  3.031003e+00 
 3.800000e+00  3.039740e+00 
 3.810000e+00  3.048476e+00 
 3.820000e+00  3.057210e+00 
 3.830000e+00  3.065943e+00 
 3.840000e+00  3.074675e+00 
 3.850000e+00  3.083406e+00 
 3.860000e+00  3.092136e+00 
 3.870000e+00  3.100864e+00 
 3.880000e+00  3.109591e+00 
 3.890000e+00  3.118317e+00 
 3.900000e+00  3.127041e+00 
 3.910000e+00  3.135764e+00 
 3.920000e+00  3.144486e+00 
 3.930000e+00  3.153207e+00 
 3.940000e+00  3.161926e+00 
 3.950000e+00  3.170644e+00 
 3.960000e+00  3.179361e+00 
 3.970000e+00  3.188076e+00 
 3.980000e+00  3.196791e+00 
 3.990000e+00  3.205504e+00 
 4.000000e+00  3.214215e+00 
 4.010000e+00  3.222926e+00 
 4.020000e+00  3.231635e+00 
 4.030000e+00  3.240343e+00 
 4.040000e+00  3.249049e+00 
 4.050000e+00  3.257755e+00 
 4.060000e+00  3.266459e+00 
 4.070000e+00  3.275161e+00 
 4.080000e+00  3.283863e+00 
 4.090000e+00  3.292563e+00 
 4.100000e+00  3.301262e+00 
 4.110000e+00  3.309960e+00 
 4.120000e+00  3.318656e+00 
 4.130000e+00  3.327351e+00 
 4.140000e+00  3.336045e+00 
 4.150000e+00  3.344737e+00 
 4.160000e+00  3.353429e+00 
 4.170000e+00  3.362118e+00 
 4.180000e+00  3.370807e+00 
 4.190000e+00  3.379494e+00 
 4.200000e+00  3.388180e+00 
 4.210000e+00  3.396865e+00 
 4.220000e+00  3.405549e+00 
 4.230000e+00  3.414231e+00 
 4.240000e+00  3.422912e+00 
 4.250000e+00  3.431591e+00 
 4.260000e+00  3.440270e+00 
 4.270000e+00  3.448947e+00 
 4.280000e+00  3.457622e+00 
 4.290000e+00  3.466297e+00 
 4.300000e+00  3.474970e+00 
 4.310000e+00  3.483642e+00 
 4.320000e+00  3.492312e+00 
 4.330000e+00  3.500982e+00 
 4.340000e+00  3.509649e+00 
 4.350000e+00  3.518316e+00 
 4.360000e+00  3.526981e+00 
 4.370000e+00  3.535646e+00 
 4.380000e+00  3.544308e+00 
 4.390000e+00  3.552970e+00 
 4.400000e+00  3.561630e+00 
 4.410000e+00  3.570289e+00 
 4.420000e+00  3.578946e+00 
 4.430000e+00  3.587602e+00 
 4.440000e+00  3.596257e+00 
 4.450000e+00  3.604911e+00 
 4.460000e+00  3.613563e+00 
 4.470000e+00  3.622214e+00 
 4.480000e+00  3.630864e+00 
 4.490000e+00  3.639512e+00 
 4.500000e+00  3.648159e+00 
 4.510000e+00  3.656805e+00 
 4.520000e+00  3.665450e+00 
 4.530000e+00  3.674093e+00 
 4.540000e+00  3.682735e+00 
 4.550000e+00  3.691375e+00 
 4.560000e+00  3.700014e+00 
 4.570000e+00  3.708652e+00 
 4.580000e+00  3.717289e+00 
 4.590000e+00  3.725924e+00 
 4.600000e+00  3.734558e+00 
 4.610000e+00  3.743191e+00 
 4.620000e+00  3.751822e+00 
 4.630000e+00  3.760452e+00 
 4.640000e+00  3.769081e+00 
 4.650000e+00  3.777708e+00 
 4.660000e+00  3.786334e+00 
 4.670000e+00  3.794959e+00 
 4.680000e+00  3.803582e+00 
 4.690000e+00  3.812204e+00 
 4.700000e+00  3.820825e+00 
 4.710000e+00  3.829445e+00 
 4.720000e+00  3.838063e+00 
 4.730000e+00  3.846680e+00 
 4.740000e+00  3.855295e+00 
 4.750000e+00  3.863909e+00 
 4.760000e+00  3.872522e+00 
 4.770000e+00  3.881133e+00 
 4.780000e+00  3.889744e+00 
 4.790000e+00  3.898352e+00 
 4.800000e+00  3.906960e+00 
 4.810000e+00  3.915566e+00 
 4.820000e+00  3.924171e+00 
 4.830000e+00  3.932775e+00 
 4.840000e+00  3.941377e+00 
 4.850000e+00  3.949978e+00 
 4.860000e+00  3.958577e+00 
 4.870000e+00  3.967175e+00 
 4.880000e+00  3.975772e+00 
 4.890000e+00  3.984368e+00 
 4.900000e+00  3.992962e+00 
 4.910000e+00  4.001555e+00 
 4.920000e+00  4.010146e+00 
 4.930000e+00  4.018737e+00 
 4.940000e+00  4.027325e+00 
 4.950000e+00  4.035913e+00 
 4.960000e+00  4.044499e+00 
 4.970000e+00  4.053084e+00 
 4.980000e+00  4.061667e+00 
 4.990000e+00  4.070250e+00 
 5.000000e+00  4.078830e+00 
 5.010000e+00  4.087410e+00 
 5.020000e+00  4.095988e+00 
 5.030000e+00  4.104565e+00 
 5.040000e+00  4.113140e+00 
 5.050000e+00  4.121714e+00 
 5.060000e+00  4.130287e+00 
 5.070000e+00  4.138859e+00 
 5.080000e+00  4.147429e+00 
 5.090000e+00  4.155997e+00 
 5.100000e+00  4.164565e+00 
 5.110000e+00  4.173131e+00 
 5.120000e+00  4.181695e+00 
 5.130000e+00  4.190259e+00 
 5.140000e+00  4.198821e+00 
 5.150000e+00  4.207381e+00 
 5.160000e+00  4.215941e+00 
 5.170000e+00  4.224499e+00 
 5.180000e+00  4.233055e+00 
 5.190000e+00  4.241610e+00 
 5.200000e+00  4.250164e+00 
 5.210000e+00  4.258717e+00 
 5.220000e+00  4.267268e+00 
 5.230000e+00  4.275818e+00 
 5.240000e+00  4.284366e+00 
 5.250000e+00  4.292913e+00 
 5.260000e+00  4.301459e+00 
 5.270000e+00  4.310003e+00 
 5.280000e+00  4.318546e+00 
 5.290000e+00  4.327088e+00 
 5.300000e+00  4.335628e+00 
 5.310000e+00  4.344167e+00 
 5.320000e+00  4.352705e+00 
 5.330000e+00  4.361241e+00 
 5.340000e+00  4.369776e+00 
 5.350000e+00  4.378309e+00 
 5.360000e+00  4.386841e+00 
 5.370000e+00  4.395372e+00 
 5.380000e+00  4.403902e+00 
 5.390000e+00  4.412430e+00 
 5.400000e+00  4.420956e+00 
 5.410000e+00  4.429482e+00 
 5.420000e+00  4.438005e+00 
 5.430000e+00  4.446528e+00 
 5.440000e+00  4.455049e+00 
 5.450000e+00  4.463569e+00 
 5.460000e+00  4.472088e+00 
 5.470000e+00  4.480605e+00 
 5.480000e+00  4.489120e+00 
 5.490000e+00  4.497635e+00 
 5.500000e+00  4.506148e+00 
 5.510000e+00  4.514659e+00 
 5.520000e+00  4.523169e+00 
 5.530000e+00  4.531678e+00 
 5.540000e+00  4.540186e+00 
 5.550000e+00  4.548692e+00 
 5.560000e+00  4.557197e+00 
 5.570000e+00  4.565700e+00 
 5.580000e+00  4.574202e+00 
 5.590000e+00  4.582702e+00 
 5.600000e+00  4.591202e+00 
 5.610000e+00  4.599699e+00 
 5.620000e+00  4.608196e+00 
 5.630000e+00  4.616691e+00 
 5.640000e+00  4.625185e+00 
 5.650000e+00  4.633677e+00 
 5.660000e+00  4.642168e+00 
 5.670000e+00  4.650657e+00 
 5.680000e+00  4.659146e+00 
 5.690000e+00  4.667632e+00 
 5.700000e+00  4.676118e+00 
 5.710000e+00  4.684602e+00 
 5.720000e+00  4.693084e+00 
 5.730000e+00  4.701566e+00 
 5.740000e+00  4.710045e+00 
 5.750000e+00  4.718524e+00 
 5.760000e+00  4.727001e+00 
 5.770000e+00  4.735477e+00 
 5.780000e+00  4.743951e+00 
 5.790000e+00  4.752424e+00 
 5.800000e+00  4.760895e+00 
 5.810000e+00  4.769365e+00 
 5.820000e+00  4.777834e+00 
 5.830000e+00  4.786301e+00 
 5.840000e+00  4.794767e+00 
 5.850000e+00  4.803232e+00 
 5.860000e+00  4.811695e+00 
 5.870000e+00  4.820157e+00 
 5.880000e+00  4.828617e+00 
 5.890000e+00  4.837076e+00 
 5.900000e+00  4.845534e+00 
 5.910000e+00  4.853990e+00 
 5.920000e+00  4.862445e+00 
 5.930000e+00  4.870898e+00 
 5.940000e+00  4.879350e+00 
 5.950000e+00  4.887800e+00 
 5.960000e+00  4.896250e+00 
 5.970000e+00  4.904697e+00 
 5.980000e+00  4.913144e+00 
 5.990000e+00  4.921589e+00 
 6.000000e+00  4.930032e+00 
 6.010000e+00  4.938474e+00 
 6.020000e+00  4.946915e+00 
 6.030000e+00  4.955354e+00 
 6.040000e+00  4.963792e+00 
 6.050000e+00  4.972229e+00 
 6.060000e+00  4.980664e+00 
 6.070000e+00  4.989098e+00 
 6.080000e+00  4.997530e+00 
 6.090000e+00  5.005961e+00 
 6.100000e+00  5.014390e+00 
 6.110000e+00  5.022819e+00 
 6.120000e+00  5.031245e+00 
 6.130000e+00  5.039671e+00 
 6.140000e+00  5.048094e+00 
 6.150000e+00  5.056517e+00 
 6.160000e+00  5.064938e+00 
 6.170000e+00  5.073357e+00 
 6.180000e+00  5.081776e+00 
 6.190000e+00  5.090192e+00 
 6.200000e+00  5.098608e+00 
 6.210000e+00  5.107022e+00 
 6.220000e+00  5.115434e+00 
 6.230000e+00  5.123845e+00 
 6.240000e+00  5.132255e+00 
 6.250000e+00  5.140663e+00 
 6.260000e+00  5.149070e+00 
 6.270000e+00  5.157476e+00 
 6.280000e+00  5.165880e+00 
 6.290000e+00  5.174282e+00 
 6.300000e+00  5.182684e+00 
 6.310000e+00  5.191083e+00 
 6.320000e+00  5.199482e+00 
 6.330000e+00  5.207879e+00 
 6.340000e+00  5.216274e+00 
 6.350000e+00  5.224668e+00 
 6.360000e+00  5.233061e+00 
 6.370000e+00  5.241452e+00 
 6.380000e+00  5.249842e+00 
 6.390000e+00  5.258230e+00 
 6.400000e+00  5.266617e+00 
 6.410000e+00  5.275003e+00 
 6.420000e+00  5.283387e+00 
 6.430000e+00  5.291769e+00 
 6.440000e+00  5.300151e+00 
 6.450000e+00  5.308530e+00 
 6.460000e+00  5.316909e+00 
 6.470000e+00  5.325286e+00 
 6.480000e+00  5.333661e+00 
 6.490000e+00  5.342035e+00 
 6.500000e+00  5.350408e+00 
 6.510000e+00  5.358779e+00 
 6.520000e+00  5.367149e+00 
 6.530000e+00  5.375517e+00 
 6.540000e+00  5.383884e+00 
 6.550000e+00  5.392250e+00 
 6.560000e+00  5.400614e+00 
 6.570000e+00  5.408976e+00 
 6.580000e+00  5.417338e+00 
 6.590000e+00  5.425697e+00 
 6.600000e+00  5.434056e+00 
 6.610000e+00  5.442412e+00 
 6.620000e+00  5.450768e+00 
 6.630000e+00  5.459122e+00 
 6.640000e+00  5.467474e+00 
 6.650000e+00  5.475825e+00 
 6.660000e+00  5.484175e+00 
 6.670000e+00  5.492523e+00 
 6.680000e+00  5.500870e+00 
 6.690000e+00  5.509215e+00 
 6.700000e+00  5.517559e+00 
 6.710000e+00  5.525902e+00 
 6.720000e+00  5.534243e+00 
 6.730000e+00  5.542582e+00 
 6.740000e+00  5.550920e+00 
 6.750000e+00  5.559257e+00 
 6.760000e+00  5.567592e+00 
 6.770000e+00  5.575926e+00 
 6.780000e+00  5.584258e+00 
 6.790000e+00  5.592589e+00 
 6.800000e+00  5.600919e+00 
 6.810000e+00  5.609247e+00 
 6.820000e+00  5.617573e+00 
 6.830000e+00  5.625898e+00 
 6.840000e+00  5.634222e+00 
 6.850000e+00  5.642544e+00 
 6.860000e+00  5.650865e+00 
 6.870000e+00  5.659184e+00 
 6.880000e+00  5.667502e+00 
 6.890000e+00  5.675818e+00 
 6.900000e+00  5.684133e+00 
 6.910000e+00  5.692446e+00 
 6.920000e+00  5.700758e+00 
 6.930000e+00  5.709069e+00 
 6.940000e+00  5.717378e+00 
 6.950000e+00  5.725685e+00 
 6.960000e+00  5.733992e+00 
 6.970000e+00  5.742296e+00 
 6.980000e+00  5.750599e+00 
 6.990000e+00  5.758901e+00 
 7.000000e+00  5.767201e+00 
 7.010000e+00  5.775500e+00 
 7.020000e+00  5.783798e+00 
 7.030000e+00  5.792094e+00 
 7.040000e+00  5.800388e+00 
 7.050000e+00  5.808681e+00 
 7.060000e+00  5.816973e+00 
 7.070000e+00  5.825263e+00 
 7.080000e+00  5.833551e+00 
 7.090000e+00  5.841838e+00 
 7.100000e+00  5.850124e+00 
 7.110000e+00  5.858408e+00 
 7.120000e+00  5.866691e+00 
 7.130000e+00  5.874972e+00 
 7.140000e+00  5.883252e+00 
 7.150000e+00  5.891530e+00 
 7.160000e+00  5.899807e+00 
 7.170000e+00  5.908083e+00 
 7.180000e+00  5.916356e+00 
 7.190000e+00  5.924629e+00 
 7.200000e+00  5.932900e+00 
 7.210000e+00  5.941169e+00 
 7.220000e+00  5.949437e+00 
 7.230000e+00  5.957704e+00 
 7.240000e+00  5.965969e+00 
 7.250000e+00  5.974233e+00 
 7.260000e+00  5.982495e+00 
 7.270000e+00  5.990755e+00 
 7.280000e+00  5.999015e+00 
 7.290000e+00  6.007272e+00 
 7.300000e+00  6.015529e+00 
 7.310000e+00  6.023783e+00 
 7.320000e+00  6.032037e+00 
 7.330000e+00  6.040288e+00 
 7.340000e+00  6.048539e+00 
 7.350000e+00  6.056788e+00 
 7.360000e+00  6.065035e+00 
 7.370000e+00  6.073281e+00 
 7.380000e+00  6.081525e+00 
 7.390000e+00  6.089768e+00 
 7.400000e+00  6.098009e+00 
 7.410000e+00  6.106249e+00 
 7.420000e+00  6.114488e+00 
 7.430000e+00  6.122725e+00 
 7.440000e+00  6.130960e+00 
 7.450000e+00  6.139194e+00 
 7.460000e+00  6.147427e+00 
 7.470000e+00  6.155658e+00 
 7.480000e+00  6.163887e+00 
 7.490000e+00  6.172115e+00 
 7.500000e+00  6.180342e+00 
 7.510000e+00  6.188567e+00 
 7.520000e+00  6.196791e+00 
 7.530000e+00  6.205013e+00 
 7.540000e+00  6.213233e+00 
 7.550000e+00  6.221453e+00 
 7.560000e+00  6.229670e+00 
 7.570000e+00  6.237886e+00 
 7.580000e+00  6.246101e+00 
 7.590000e+00  6.254314e+00 
 7.600000e+00  6.262526e+00 
 7.610000e+00  6.270736e+00 
 7.620000e+00  6.278945e+00 
 7.630000e+00  6.287152e+00 
 7.640000e+00  6.295358e+00 
 7.650000e+00  6.303562e+00 
 7.660000e+00  6.311764e+00 
 7.670000e+00  6.319966e+00 
 7.680000e+00  6.328165e+00 
 7.690000e+00  6.336364e+00 
 7.700000e+00  6.344560e+00 
 7.710000e+00  6.352756e+00 
 7.720000e+00  6.360949e+00 
 7.730000e+00  6.369141e+00 
 7.740000e+00  6.377332e+00 
 7.750000e+00  6.385521e+00 
 7.760000e+00  6.393709e+00 
 7.770000e+00  6.401895e+00 
 7.780000e+00  6.410080e+00 
 7.790000e+00  6.418263e+00 
 7.800000e+00  6.426445e+00 
 7.810000e+00  6.434625e+00 
 7.820000e+00  6.442804e+00 
 7.830000e+00  6.450981e+00 
 7.840000e+00  6.459157e+00 
 7.850000e+00  6.467331e+00 
 7.860000e+00  6.475504e+00 
 7.870000e+00  6.483675e+00 
 7.880000e+00  6.491844e+00 
 7.890000e+00  6.500013e+00 
 7.900000e+00  6.508179e+00 
 7.910000e+00  6.516344e+00 
 7.920000e+00  6.524508e+00 
 7.930000e+00  6.532670e+00 
 7.940000e+00  6.540831e+00 
 7.950000e+00  6.548990e+00 
 7.960000e+00  6.557147e+00 
 7.970000e+00  6.565303e+00 
 7.980000e+00  6.573458e+00 
 7.990000e+00  6.581611e+00 
 8.000000e+00  6.589763e+00 
 8.010000e+00  6.597913e+00 
 8.020000e+00  6.606061e+00 
 8.030000e+00  6.614208e+00 
 8.040000e+00  6.622354e+00 
 8.050000e+00  6.630498e+00 
 8.060000e+00  6.638640e+00 
 8.070000e+00  6.646781e+00 
 8.080000e+00  6.654920e+00 
 8.090000e+00  6.663058e+00 
 8.100000e+00  6.671195e+00 
 8.110000e+00  6.679329e+00 
 8.120000e+00  6.687463e+00 
 8.130000e+00  6.695595e+00 
 8.140000e+00  6.703725e+00 
 8.150000e+00  6.711854e+00 
 8.160000e+00  6.719981e+00 
 8.170000e+00  6.728107e+00 
 8.180000e+00  6.736231e+00 
 8.190000e+00  6.744354e+00 
 8.200000e+00  6.752475e+00 
 8.210000e+00  6.760594e+00 
 8.220000e+00  6.768713e+00 
 8.230000e+00  6.776829e+00 
 8.240000e+00  6.784944e+00 
 8.250000e+00  6.793058e+00 
 8.260000e+00  6.801170e+00 
 8.270000e+00  6.809280e+00 
 8.280000e+00  6.817389e+00 
 8.290000e+00  6.825497e+00 
 8.300000e+00  6.833603e+00 
 8.310000e+00  6.841707e+00 
 8.320000e+00  6.849810e+00 
 8.330000e+00  6.857911e+00 
 8.340000e+00  6.866011e+00 
 8.350000e+00  6.874109e+00 
 8.360000e+00  6.882206e+00 
 8.370000e+00  6.890301e+00 
 8.380000e+00  6.898395e+00 
 8.390000e+00  6.906487e+00 
 8.400000e+00  6.914578e+00 
 8.410000e+00  6.922667e+00 
 8.420000e+00  6.930754e+00 
 8.430000e+00  6.938840e+00 
 8.440000e+00  6.946925e+00 
 8.450000e+00  6.955008e+00 
 8.460000e+00  6.963089e+00 
 8.470000e+00  6.971169e+00 
 8.480000e+00  6.979247e+00 
 8.490000e+00  6.987324e+00 
 8.500000e+00  6.995399e+00 
 8.510000e+00  7.003473e+00 
 8.520000e+00  7.011545e+00 
 8.530000e+00  7.019616e+00 
 8.540000e+00  7.027685e+00 
 8.550000e+00  7.035753e+00 
 8.560000e+00  7.043819e+00 
 8.570000e+00  7.051883e+00 
 8.580000e+00  7.059946e+00 
 8.590000e+00  7.068007e+00 
 8.600000e+00  7.076067e+00 
 8.610000e+00  7.084126e+00 
 8.620000e+00  7.092182e+00 
 8.630000e+00  7.100238e+00 
 8.640000e+00  7.108291e+00 
 8.650000e+00  7.116344e+00 
 8.660000e+00  7.124394e+00 
 8.670000e+00  7.132443e+00 
 8.680000e+00  7.140491e+00 
 8.690000e+00  7.148537e+00 
 8.700000e+00  7.156581e+00 
 8.710000e+00  7.164624e+00 
 8.720000e+00  7.172665e+00 
 8.730000e+00  7.180705e+00 
 8.740000e+00  7.188743e+00 
 8.750000e+00  7.196780e+00 
 8.760000e+00  7.204815e+00 
 8.770000e+00  7.212849e+00 
 8.780000e+00  7.220881e+00 
 8.790000e+00  7.228911e+00 
 8.800000e+00  7.236940e+00 
 8.810000e+00  7.244968e+00 
 8.820000e+00  7.252993e+00 
 8.830000e+00  7.261018e+00 
 8.840000e+00  7.269040e+00 
 8.850000e+00  7.277062e+00 
 8.860000e+00  7.285081e+00 
 8.870000e+00  7.293099e+00 
 8.880000e+00  7.301116e+00 
 8.890000e+00  7.309131e+00 
 8.900000e+00  7.317144e+00 
 8.910000e+00  7.325156e+00 
 8.920000e+00  7.333166e+00 
 8.930000e+00  7.341175e+00 
 8.940000e+00  7.349182e+00 
 8.950000e+00  7.357188e+00 
 8.960000e+00  7.365192e+00 
 8.970000e+00  7.373194e+00 
 8.980000e+00  7.381195e+00 
 8.990000e+00  7.389195e+00 
 9.000000e+00  7.397193e+00 
 9.010000e+00  7.405189e+00 
 9.020000e+00  7.413184e+00 
 9.030000e+00  7.421177e+00 
 9.040000e+00  7.429168e+00 
 9.050000e+00  7.437158e+00 
 9.060000e+00  7.445147e+00 
 9.070000e+00  7.453134e+00 
 9.080000e+00  7.461119e+00 
 9.090000e+00  7.469103e+00 
 9.100000e+00  7.477085e+00 
 9.110000e+00  7.485066e+00 
 9.120000e+00  7.493045e+00 
 9.130000e+00  7.501022e+00 
 9.140000e+00  7.508998e+00 
 9.150000e+00  7.516973e+00 
 9.160000e+00  7.524946e+00 
 9.170000e+00  7.532917e+00 
 9.180000e+00  7.540887e+00 
 9.190000e+00  7.548855e+00 
 9.200000e+00  7.556821e+00 
 9.210000e+00  7.564786e+00 
 9.220000e+00  7.572750e+00 
 9.230000e+00  7.580711e+00 
 9.240000e+00  7.588672e+00 
 9.250000e+00  7.596630e+00 
 9.260000e+00  7.604588e+00 
 9.270000e+00  7.612543e+00 
 9.280000e+00  7.620497e+00 
 9.290000e+00  7.628450e+00 
 9.300000e+00  7.636400e+00 
 9.310000e+00  7.644350e+00 
 9.320000e+00  7.652297e+00 
 9.330000e+00  7.660244e+00 
 9.340000e+00  7.668188e+00 
 9.350000e+00  7.676131e+00 
 9.360000e+00  7.684073e+00 
 9.370000e+00  7.692012e+00 
 9.380000e+00  7.699951e+00 
 9.390000e+00  7.707887e+00 
 9.400000e+00  7.715822e+00 
 9.410000e+00  7.723756e+00 
 9.420000e+00  7.731688e+00 
 9.430000e+00  7.739618e+00 
 9.440000e+00  7.747547e+00 
 9.450000e+00  7.755474e+00 
 9.460000e+00  7.763400e+00 
 9.470000e+00  7.771324e+00 
 9.480000e+00  7.779247e+00 
 9.490000e+00  7.787167e+00 
 9.500000e+00  7.795087e+00 
 9.510000e+00  7.803005e+00 
 9.520000e+00  7.810921e+00 
 9.530000e+00  7.818835e+00 
 9.540000e+00  7.826748e+00 
 9.550000e+00  7.834660e+00 
 9.560000e+00  7.842570e+00 
 9.570000e+00  7.850478e+00 
 9.580000e+00  7.858385e+00 
 9.590000e+00  7.866290e+00 
 9.600000e+00  7.874193e+00 
 9.610000e+00  7.882095e+00 
 9.620000e+00  7.889995e+00 
 9.630000e+00  7.897894e+00 
 9.640000e+00  7.905791e+00 
 9.650000e+00  7.913687e+00 
 9.660000e+00  7.921581e+00 
 9.670000e+00  7.929473e+00 
 9.680000e+00  7.937364e+00 
 9.690000e+00  7.945253e+00 
 9.700000e+00  7.953141e+00 
 9.710000e+00  7.961027e+00 
 9.720000e+00  7.968912e+00 
 9.730000e+00  7.976794e+00 
 9.740000e+00  7.984676e+00 
 9.750000e+00  7.992555e+00 
 9.760000e+00  8.000434e+00 
 9.770000e+00  8.008310e+00 
 9.780000e+00  8.016185e+00 
 9.790000e+00  8.024058e+00 
 9.800000e+00  8.031930e+00 
 9.810000e+00  8.039800e+00 
 9.820000e+00  8.047669e+00 
 9.830000e+00  8.055536e+00 
 9.840000e+00  8.063401e+00 
 9.850000e+00  8.071265e+00 
 9.860000e+00  8.079127e+00 
 9.870000e+00  8.086988e+00 
 9.880000e+00  8.094847e+00 
 9.890000e+00  8.102704e+00 
 9.900000e+00  8.110560e+00 
 9.910000e+00  8.118414e+00 
 9.920000e+00  8.126267e+00 
 9.930000e+00  8.134118e+00 
 9.940000e+00  8.141967e+00 
 9.950000e+00  8.149815e+00 
 9.960000e+00  8.157661e+00 
 9.970000e+00  8.165506e+00 
 9.980000e+00  8.173349e+00 
 9.990000e+00  8.181191e+00 
 1.000000e+01  8.189030e+00 
 1.001000e+01  8.196869e+00 
 1.002000e+01  8.204705e+00 
 1.003000e+01  8.212540e+00 
 1.004000e+01  8.220374e+00 
 1.005000e+01  8.228206e+00 
 1.006000e+01  8.236036e+00 
 1.007000e+01  8.243865e+00 
 1.008000e+01  8.251692e+00 
 1.009000e+01  8.259517e+00 
 1.010000e+01  8.267341e+00 
 1.011000e+01  8.275163e+00 
 1.012000e+01  8.282984e+00 
 1.013000e+01  8.290803e+00 
 1.014000e+01  8.298620e+00 
 1.015000e+01  8.306436e+00 
 1.016000e+01  8.314250e+00 
 1.017000e+01  8.322063e+00 
 1.018000e+01  8.329874e+00 
 1.019000e+01  8.337683e+00 
 1.020000e+01  8.345491e+00 
 1.021000e+01  8.353297e+00 
 1.022000e+01  8.361102e+00 
 1.023000e+01  8.368905e+00 
 1.024000e+01  8.376706e+00 
 1.025000e+01  8.384506e+00 
 1.026000e+01  8.392304e+00 
 1.027000e+01  8.400101e+00 
 1.028000e+01  8.407896e+00 
 1.029000e+01  8.415689e+00 
 1.030000e+01  8.423481e+00 
 1.031000e+01  8.431271e+00 
 1.032000e+01  8.439059e+00 
 1.033000e+01  8.446846e+00 
 1.034000e+01  8.454631e+00 
 1.035000e+01  8.462415e+00 
 1.036000e+01  8.470197e+00 
 1.037000e+01  8.477978e+00 
 1.038000e+01  8.485756e+00 
 1.039000e+01  8.493534e+00 
 1.040000e+01  8.501309e+00 
 1.041000e+01  8.509083e+00 
 1.042000e+01  8.516856e+00 
 1.043000e+01  8.524626e+00 
 1.044000e+01  8.532396e+00 
 1.045000e+01  8.540163e+00 
 1.046000e+01  8.547929e+00 
 1.047000e+01  8.555693e+00 
 1.048000e+01  8.563456e+00 
 1.049000e+01  8.571217e+00 
 1.050000e+01  8.578976e+00 
 1.051000e+01  8.586734e+00 
 1.052000e+01  8.594491e+00 
 1.053000e+01  8.602245e+00 
 1.054000e+01  8.609998e+00 
 1.055000e+01  8.617749e+00 
 1.056000e+01  8.625499e+00 
 1.057000e+01  8.633247e+00 
 1.058000e+01  8.640994e+00 
 1.059000e+01  8.648738e+00 
 1.060000e+01  8.656482e+00 
 1.061000e+01  8.664223e+00 
 1.062000e+01  8.671963e+00 
 1.063000e+01  8.679701e+00 
 1.064000e+01  8.687438e+00 
 1.065000e+01  8.695172e+00 
 1.066000e+01  8.702905e+00 
 1.067000e+01  8.710637e+00 
 1.068000e+01  8.718366e+00 
 1.069000e+01  8.726093e+00 
 1.070000e+01  8.733819e+00 
 1.071000e+01  8.741542e+00 
 1.072000e+01  8.749262e+00 
 1.073000e+01  8.756980e+00 
 1.074000e+01  8.764695e+00 
 1.075000e+01  8.772407e+00 
 1.076000e+01  8.780114e+00 
 1.077000e+01  8.787815e+00 
 1.078000e+01  8.795511e+00 
 1.079000e+01  8.803198e+00 
 1.080000e+01  8.810875e+00 
 1.081000e+01  8.818539e+00 
 1.082000e+01  8.826185e+00 
 1.083000e+01  8.833809e+00 
 1.084000e+01  8.841404e+00 
 1.085000e+01  8.848961e+00 
 1.086000e+01  8.856467e+00 
 1.087000e+01  8.863910e+00 
 1.088000e+01  8.871271e+00 
 1.089000e+01  8.878528e+00 
 1.090000e+01  8.885658e+00 
 1.091000e+01  8.892634e+00 
 1.092000e+01  8.899427e+00 
 1.093000e+01  8.906011e+00 
 1.094000e+01  8.912364e+00 
 1.095000e+01  8.918468e+00 
 1.096000e+01  8.924314e+00 
 1.097000e+01  8.929899e+00 
 1.098000e+01  8.935230e+00 
 1.099000e+01  8.940316e+00 
 1.100000e+01  8.945172e+00 
 1.101000e+01  8.949814e+00 
 1.102000e+01  8.954260e+00 
 1.103000e+01  8.958526e+00 
 1.104000e+01  8.962631e+00 
 1.105000e+01  8.966588e+00 
 1.106000e+01  8.970412e+00 
 1.107000e+01  8.974115e+00 
 1.108000e+01  8.977710e+00 
 1.109000e+01  8.981205e+00 
 1.110000e+01  8.984612e+00 
 1.111000e+01  8.987936e+00 
 1.112000e+01  8.991187e+00 
 1.113000e+01  8.994369e+00 
 1.114000e+01  8.997490e+00 
 1.115000e+01  9.000553e+00 
 1.116000e+01  9.003564e+00 
 1.117000e+01  9.006526e+00 
 1.118000e+01  9.009444e+00 
 1.119000e+01  9.012320e+00 
 1.120000e+01  9.015158e+00 
 1.121000e+01  9.017960e+00 
 1.122000e+01  9.020728e+00 
 1.123000e+01  9.023465e+00 
 1.124000e+01  9.026174e+00 
 1.125000e+01  9.028855e+00 
 1.126000e+01  9.031510e+00 
 1.127000e+01  9.034141e+00 
 1.128000e+01  9.036749e+00 
 1.129000e+01  9.039336e+00 
 1.130000e+01  9.041903e+00 
 1.131000e+01  9.044450e+00 
 1.132000e+01  9.046979e+00 
 1.133000e+01  9.049492e+00 
 1.134000e+01  9.051987e+00 
 1.135000e+01  9.054467e+00 
 1.136000e+01  9.056933e+00 
 1.137000e+01  9.059384e+00 
 1.138000e+01  9.061822e+00 
 1.139000e+01  9.064247e+00 
 1.140000e+01  9.066660e+00 
 1.141000e+01  9.069060e+00 
 1.142000e+01  9.071450e+00 
 1.143000e+01  9.073829e+00 
 1.144000e+01  9.076198e+00 
 1.145000e+01  9.078556e+00 
 1.146000e+01  9.080905e+00 
 1.147000e+01  9.083245e+00 
 1.148000e+01  9.085576e+00 
 1.149000e+01  9.087899e+00 
 1.150000e+01  9.090213e+00 
 1.151000e+01  9.092520e+00 
 1.152000e+01  9.094818e+00 
 1.153000e+01  9.097110e+00 
 1.154000e+01  9.099394e+00 
 1.155000e+01  9.101672e+00 
 1.156000e+01  9.103942e+00 
 1.157000e+01  9.106207e+00 
 1.158000e+01  9.108465e+00 
 1.159000e+01  9.110717e+00 
 1.160000e+01  9.112963e+00 
 1.161000e+01  9.115204e+00 
 1.162000e+01  9.117439e+00 
 1.163000e+01  9.119669e+00 
 1.164000e+01  9.121893e+00 
 1.165000e+01  9.124113e+00 
 1.166000e+01  9.126328e+00 
 1.167000e+01  9.128537e+00 
 1.168000e+01  9.130743e+00 
 1.169000e+01  9.132943e+00 
 1.170000e+01  9.135140e+00 
 1.171000e+01  9.137332e+00 
 1.172000e+01  9.139519e+00 
 1.173000e+01  9.141703e+00 
 1.174000e+01  9.143883e+00 
 1.175000e+01  9.146059e+00 
 1.176000e+01  9.148231e+00 
 1.177000e+01  9.150400e+00 
 1.178000e+01  9.152565e+00 
 1.179000e+01  9.154726e+00 
 1.180000e+01  9.156884e+00 
 1.181000e+01  9.159039e+00 
 1.182000e+01  9.161190e+00 
 1.183000e+01  9.163338e+00 
 1.184000e+01  9.165483e+00 
 1.185000e+01  9.167625e+00 
 1.186000e+01  9.169764e+00 
 1.187000e+01  9.171900e+00 
 1.188000e+01  9.174033e+00 
 1.189000e+01  9.176164e+00 
 1.190000e+01  9.178291e+00 
 1.191000e+01  9.180416e+00 
 1.192000e+01  9.182539e+00 
 1.193000e+01  9.184658e+00 
 1.194000e+01  9.186775e+00 
 1.195000e+01  9.188890e+00 
 1.196000e+01  9.191002e+00 
 1.197000e+01  9.193112e+00 
 1.198000e+01  9.195219e+00 
 1.199000e+01  9.197325e+00 
 1.200000e+01  9.199427e+00 
 1.201000e+01  9.201528e+00 
 1.202000e+01  9.203626e+00 
 1.203000e+01  9.205723e+00 
 1.204000e+01  9.207817e+00 
 1.205000e+01  9.209909e+00 
 1.206000e+01  9.211999e+00 
 1.207000e+01  9.214087e+00 
 1.208000e+01  9.216173e+00 
 1.209000e+01  9.218257e+00 
 1.210000e+01  9.220340e+00 
 1.211000e+01  9.222420e+00 
 1.212000e+01  9.224499e+00 
 1.213000e+01  9.226575e+00 
 1.214000e+01  9.228650e+00 
 1.215000e+01  9.230723e+00 
 1.216000e+01  9.232795e+00 
 1.217000e+01  9.234864e+00 
 1.218000e+01  9.236932e+00 
 1.219000e+01  9.238999e+00 
 1.220000e+01  9.241064e+00 
 1.221000e+01  9.243127e+00 
 1.222000e+01  9.245188e+00 
 1.223000e+01  9.247248e+00 
 1.224000e+01  9.249307e+00 
 1.225000e+01  9.251364e+00 
 1.226000e+01  9.253419e+00 
 1.227000e+01  9.255473e+00 
 1.228000e+01  9.257526e+00 
 1.229000e+01  9.259577e+00 
 1.230000e+01  9.261627e+00 
 1.231000e+01  9.263675e+00 
 1.232000e+01  9.265722e+00 
 1.233000e+01  9.267767e+00 
 1.234000e+01  9.269812e+00 
 1.235000e+01  9.271855e+00 
 1.236000e+01  9.273896e+00 
 1.237000e+01  9.275937e+00 
 1.238000e+01  9.277976e+00 
 1.239000e+01  9.280013e+00 
 1.240000e+01  9.282050e+00 
 1.241000e+01  9.284085e+00 
 1.242000e+01  9.286120e+00 
 1.243000e+01  9.288152e+00 
 1.244000e+01  9.290184e+00 
 1.245000e+01  9.292215e+00 
 1.246000e+01  9.294244e+00 
 1.247000e+01  9.296273e+00 
 1.248000e+01  9.298300e+00 
 1.249000e+01  9.300326e+00 
 1.250000e+01  9.302351e+00 
 1.251000e+01  9.304375e+00 
 1.252000e+01  9.306398e+00 
 1.253000e+01  9.308419e+00 
 1.254000e+01  9.310440e+00 
 1.255000e+01  9.312460e+00 
 1.256000e+01  9.314479e+00 
 1.257000e+01  9.316496e+00 
 1.258000e+01  9.318513e+00 
 1.259000e+01  9.320529e+00 
 1.260000e+01  9.322543e+00 
 1.261000e+01  9.324557e+00 
 1.262000e+01  9.326570e+00 
 1.263000e+01  9.328582e+00 
 1.264000e+01  9.330592e+00 
 1.265000e+01  9.332602e+00 
 1.266000e+01  9.334611e+00 
 1.267000e+01  9.336619e+00 
 1.268000e+01  9.338627e+00 
 1.269000e+01  9.340633e+00 
 1.270000e+01  9.342638e+00 
 1.271000e+01  9.344643e+00 
 1.272000e+01  9.346647e+00 
 1.273000e+01  9.348650e+00 
 1.274000e+01  9.350651e+00 
 1.275000e+01  9.352653e+00 
 1.276000e+01  9.354653e+00 
 1.277000e+01  9.356652e+00 
 1.278000e+01  9.358651e+00 
 1.279000e+01  9.360649e+00 
 1.280000e+01  9.362646e+00 
 1.281000e+01  9.364642e+00 
 1.282000e+01  9.366638e+00 
 1.283000e+01  9.368632e+00 
 1.284000e+01  9.370626e+00 
 1.285000e+01  9.372619e+00 
 1.286000e+01  9.374612e+00 
 1.287000e+01  9.376604e+00 
 1.288000e+01  9.378594e+00 
 1.289000e+01  9.380585e+00 
 1.290000e+01  9.382574e+00 
 1.291000e+01  9.384563e+00 
 1.292000e+01  9.386551e+00 
 1.293000e+01  9.388538e+00 
 1.294000e+01  9.390525e+00 
 1.295000e+01  9.392510e+00 
 1.296000e+01  9.394496e+00 
 1.297000e+01  9.396480e+00 
 1.298000e+01  9.398464e+00 
 1.299000e+01  9.400447e+00 
 1.300000e+01  9.402429e+00 
 1.301000e+01  9.404411e+00 
 1.302000e+01  9.406392e+00 
 1.303000e+01  9.408373e+00 
 1.304000e+01  9.410353e+00 
 1.305000e+01  9.412332e+00 
 1.306000e+01  9.414310e+00 
 1.307000e+01  9.416288e+00 
 1.308000e+01  9.418265e+00 
 1.309000e+01  9.420242e+00 
 1.310000e+01  9.422218e+00 
 1.311000e+01  9.424193e+00 
 1.312000e+01  9.426168e+00 
 1.313000e+01  9.428142e+00 
 1.314000e+01  9.430116e+00 
 1.315000e+01  9.432089e+00 
 1.316000e+01  9.434061e+00 
 1.317000e+01  9.436033e+00 
 1.318000e+01  9.438004e+00 
 1.319000e+01  9.439975e+00 
 1.320000e+01  9.441945e+00 
 1.321000e+01  9.443915e+00 
 1.322000e+01  9.445883e+00 
 1.323000e+01  9.447852e+00 
 1.324000e+01  9.449820e+00 
 1.325000e+01  9.451787e+00 
 1.326000e+01  9.453754e+00 
 1.327000e+01  9.455720e+00 
 1.328000e+01  9.457685e+00 
 1.329000e+01  9.459650e+00 
 1.330000e+01  9.461615e+00 
 1.331000e+01  9.463579e+00 
 1.332000e+01  9.465542e+00 
 1.333000e+01  9.467505e+00 
 1.334000e+01  9.469468e+00 
 1.335000e+01  9.471430e+00 
 1.336000e+01  9.473391e+00 
 1.337000e+01  9.475352e+00 
 1.338000e+01  9.477312e+00 
 1.339000e+01  9.479272e+00 
 1.340000e+01  9.481232e+00 
 1.341000e+01  9.483191e+00 
 1.342000e+01  9.485149e+00 
 1.343000e+01  9.487107e+00 
 1.344000e+01  9.489064e+00 
 1.345000e+01  9.491021e+00 
 1.346000e+01  9.492978e+00 
 1.347000e+01  9.494934e+00 
 1.348000e+01  9.496889e+00 
 1.349000e+01  9.498844e+00 
 1.350000e+01  9.500799e+00 
 1.351000e+01  9.502753e+00 
 1.352000e+01  9.504707e+00 
 1.353000e+01  9.506660e+00 
 1.354000e+01  9.508612e+00 
 1.355000e+01  9.510565e+00 
 1.356000e+01  9.512517e+00 
 1.357000e+01  9.514468e+00 
 1.358000e+01  9.516419e+00 
 1.359000e+01  9.518369e+00 
 1.360000e+01  9.520319e+00 
 1.361000e+01  9.522269e+00 
 1.362000e+01  9.524218e+00 
 1.363000e+01  9.526167e+00 
 1.364000e+01  9.528115e+00 
 1.365000e+01  9.530063e+00 
 1.366000e+01  9.532010e+00 
 1.367000e+01  9.533958e+00 
 1.368000e+01  9.535904e+00 
 1.369000e+01  9.537850e+00 
 1.370000e+01  9.539796e+00 
 1.371000e+01  9.541741e+00 
 1.372000e+01  9.543686e+00 
 1.373000e+01  9.545631e+00 
 1.374000e+01  9.547575e+00 
 1.375000e+01  9.549519e+00 
 1.376000e+01  9.551462e+00 
 1.377000e+01  9.553405e+00 
 1.378000e+01  9.555348e+00 
 1.379000e+01  9.557290e+00 
 1.380000e+01  9.559232e+00 
 1.381000e+01  9.561173e+00 
 1.382000e+01  9.563114e+00 
 1.383000e+01  9.565055e+00 
 1.384000e+01  9.566995e+00 
 1.385000e+01  9.568935e+00 
 1.386000e+01  9.570874e+00 
 1.387000e+01  9.572813e+00 
 1.388000e+01  9.574752e+00 
 1.389000e+01  9.576690e+00 
 1.390000e+01  9.578628e+00 
 1.391000e+01  9.580566e+00 
 1.392000e+01  9.582503e+00 
 1.393000e+01  9.584440e+00 
 1.394000e+01  9.586376e+00 
 1.395000e+01  9.588312e+00 
 1.396000e+01  9.590248e+00 
 1.397000e+01  9.592183e+00 
 1.398000e+01  9.594119e+00 
 1.399000e+01  9.596053e+00 
 1.400000e+01  9.597988e+00 
 1.401000e+01  9.599922e+00 
 1.402000e+01  9.601855e+00 
 1.403000e+01  9.603788e+00 
 1.404000e+01  9.605721e+00 
 1.405000e+01  9.607654e+00 
 1.406000e+01  9.609586e+00 
 1.407000e+01  9.611518e+00 
 1.408000e+01  9.613450e+00 
 1.409000e+01  9.615381e+00 
 1.410000e+01  9.617312e+00 
 1.411000e+01  9.619243e+00 
 1.412000e+01  9.621173e+00 
 1.413000e+01  9.623103e+00 
 1.414000e+01  9.625032e+00 
 1.415000e+01  9.626962e+00 
 1.416000e+01  9.628890e+00 
 1.417000e+01  9.630819e+00 
 1.418000e+01  9.632747e+00 
 1.419000e+01  9.634675e+00 
 1.420000e+01  9.636603e+00 
 1.421000e+01  9.638530e+00 
 1.422000e+01  9.640457e+00 
 1.423000e+01  9.642384e+00 
 1.424000e+01  9.644310e+00 
 1.425000e+01  9.646236e+00 
 1.426000e+01  9.648162e+00 
 1.427000e+01  9.650088e+00 
 1.428000e+01  9.652013e+00 
 1.429000e+01  9.653938e+00 
 1.430000e+01  9.655862e+00 
 1.431000e+01  9.657786e+00 
 1.432000e+01  9.659710e+00 
 1.433000e+01  9.661634e+00 
 1.434000e+01  9.663557e+00 
 1.435000e+01  9.665480e+00 
 1.436000e+01  9.667403e+00 
 1.437000e+01  9.669325e+00 
 1.438000e+01  9.671248e+00 
 1.439000e+01  9.673169e+00 
 1.440000e+01  9.675091e+00 
 1.441000e+01  9.677012e+00 
 1.442000e+01  9.678933e+00 
 1.443000e+01  9.680854e+00 
 1.444000e+01  9.682774e+00 
 1.445000e+01  9.684694e+00 
 1.446000e+01  9.686614e+00 
 1.447000e+01  9.688534e+00 
 1.448000e+01  9.690453e+00 
 1.449000e+01  9.692372e+00 
 1.450000e+01  9.694291e+00 
 1.451000e+01  9.696209e+00 
 1.452000e+01  9.698127e+00 
 1.453000e+01  9.700045e+00 
 1.454000e+01  9.701963e+00 
 1.455000e+01  9.703880e+00 
 1.456000e+01  9.705797e+00 
 1.457000e+01  9.707714e+00 
 1.458000e+01  9.709630e+00 
 1.459000e+01  9.711547e+00 
 1.460000e+01  9.713463e+00 
 1.461000e+01  9.715378e+00 
 1.462000e+01  9.717294e+00 
 1.463000e+01  9.719209e+00 
 1.464000e+01  9.721124e+00 
 1.465000e+01  9.723039e+00 
 1.466000e+01  9.724953e+00 
 1.467000e+01  9.726867e+00 
 1.468000e+01  9.728781e+00 
 1.469000e+01  9.730694e+00 
 1.470000e+01  9.732608e+00 
 1.471000e+01  9.734521e+00 
 1.472000e+01  9.736434e+00 
 1.473000e+01  9.738346e+00 
 1.474000e+01  9.740259e+00 
 1.475000e+01  9.742171e+00 
 1.476000e+01  9.744083e+00 
 1.477000e+01  9.745994e+00 
 1.478000e+01  9.747905e+00 
 1.479000e+01  9.749817e+00 
 1.480000e+01  9.751727e+00 
 1.481000e+01  9.753638e+00 
 1.482000e+01  9.755548e+00 
 1.483000e+01  9.757458e+00 
 1.484000e+01  9.759368e+00 
 1.485000e+01  9.761278e+00 
 1.486000e+01  9.763187e+00 
 1.487000e+01  9.765096e+00 
 1.488000e+01  9.767005e+00 
 1.489000e+01  9.768914e+00 
 1.490000e+01  9.770822e+00 
 1.491000e+01  9.772730e+00 
 1.492000e+01  9.774638e+00 
 1.493000e+01  9.776546e+00 
 1.494000e+01  9.778453e+00 
 1.495000e+01  9.780361e+00 
 1.496000e+01  9.782268e+00 
 1.497000e+01  9.784174e+00 
 1.498000e+01  9.786081e+00 
 1.499000e+01  9.787987e+00 
 1.500000e+01  9.789893e+00 
 1.501000e+01  9.791799e+00 
 1.502000e+01  9.793705e+00 
 1.503000e+01  9.795610e+00 
 1.504000e+01  9.797515e+00 
 1.505000e+01  9.799420e+00 
 1.506000e+01  9.801325e+00 
 1.507000e+01  9.803229e+00 
 1.508000e+01  9.805134e+00 
 1.509000e+01  9.807038e+00 
 1.510000e+01  9.808942e+00 
 1.511000e+01  9.810845e+00 
 1.512000e+01  9.812749e+00 
 1.513000e+01  9.814652e+00 
 1.514000e+01  9.816555e+00 
 1.515000e+01  9.818457e+00 
 1.516000e+01  9.820360e+00 
 1.517000e+01  9.822262e+00 
 1.518000e+01  9.824164e+00 
 1.519000e+01  9.826066e+00 
 1.520000e+01  9.827968e+00 
 1.521000e+01  9.829869e+00 
 1.522000e+01  9.831770e+00 
 1.523000e+01  9.833671e+00 
 1.524000e+01  9.835572e+00 
 1.525000e+01  9.837473e+00 
 1.526000e+01  9.839373e+00 
 1.527000e+01  9.841273e+00 
 1.528000e+01  9.843173e+00 
 1.529000e+01  9.845073e+00 
 1.530000e+01  9.846973e+00 
 1.531000e+01  9.848872e+00 
 1.532000e+01  9.850771e+00 
 1.533000e+01  9.852670e+00 
 1.534000e+01  9.854569e+00 
 1.535000e+01  9.856467e+00 
 1.536000e+01  9.858365e+00 
 1.537000e+01  9.860264e+00 
 1.538000e+01  9.862161e+00 
 1.539000e+01  9.864059e+00 
 1.540000e+01  9.865957e+00 
 1.541000e+01  9.867854e+00 
 1.542000e+01  9.869751e+00 
 1.543000e+01  9.871648e+00 
 1.544000e+01  9.873545e+00 
 1.545000e+01  9.875441e+00 
 1.546000e+01  9.877338e+00 
 1.547000e+01  9.879234e+00 
 1.548000e+01  9.881130e+00 
 1.549000e+01  9.883025e+00 
 1.550000e+01  9.884921e+00 
 1.551000e+01  9.886816e+00 
 1.552000e+01  9.888711e+00 
 1.553000e+01  9.890606e+00 
 1.554000e+01  9.892501e+00 
 1.555000e+01  9.894396e+00 
 1.556000e+01  9.896290e+00 
 1.557000e+01  9.898184e+00 
 1.558000e+01  9.900078e+00 
 1.559000e+01  9.901972e+00 
 1.560000e+01  9.903866e+00 
 1.561000e+01  9.905759e+00 
 1.562000e+01  9.907652e+00 
 1.563000e+01  9.909546e+00 
 1.564000e+01  9.911438e+00 
 1.565000e+01  9.913331e+00 
 1.566000e+01  9.915224e+00 
 1.567000e+01  9.917116e+00 
 1.568000e+01  9.919008e+00 
 1.569000e+01  9.920900e+00 
 1.570000e+01  9.922792e+00 
 1.571000e+01  9.924684e+00 
 1.572000e+01  9.926575e+00 
 1.573000e+01  9.928466e+00 
 1.574000e+01  9.930357e+00 
 1.575000e+01  9.932248e+00 
 1.576000e+01  9.934139e+00 
 1.577000e+01  9.936029e+00 
 1.578000e+01  9.937920e+00 
 1.579000e+01  9.939810e+00 
 1.580000e+01  9.941700e+00 
 1.581000e+01  9.943590e+00 
 1.582000e+01  9.945479e+00 
 1.583000e+01  9.947369e+00 
 1.584000e+01  9.949258e+00 
 1.585000e+01  9.951147e+00 
 1.586000e+01  9.953036e+00 
 1.587000e+01  9.954925e+00 
 1.588000e+01  9.956814e+00 
 1.589000e+01  9.958702e+00 
 1.590000e+01  9.960590e+00 
 1.591000e+01  9.962478e+00 
 1.592000e+01  9.964366e+00 
 1.593000e+01  9.966254e+00 
 1.594000e+01  9.968142e+00 
 1.595000e+01  9.970029e+00 
 1.596000e+01  9.971916e+00 
 1.597000e+01  9.973803e+00 
 1.598000e+01  9.975690e+00 
 1.599000e+01  9.977577e+00 
 1.600000e+01  9.979463e+00 
