-1.600000e+01 -1.600000e+01 
-1.599000e+01 -1.599000e+01 
-1.598000e+01 -1.598000e+01 
-1.597000e+01 -1.597000e+01 
-1.596000e+01 -1.596000e+01 
-1.595000e+01 -1.595000e+01 
-1.594000e+01 -1.594000e+01 
-1.593000e+01 -1.593000e+01 
-1.592000e+01 -1.592000e+01 
-1.591000e+01 -1.591000e+01 
-1.590000e+01 -1.590000e+01 
-1.589000e+01 -1.589000e+01 
-1.588000e+01 -1.588000e+01 
-1.587000e+01 -1.587000e+01 
-1.586000e+01 -1.586000e+01 
-1.585000e+01 -1.585000e+01 
-1.584000e+01 -1.584000e+01 
-1.583000e+01 -1.583000e+01 
-1.582000e+01 -1.582000e+01 
-1.581000e+01 -1.581000e+01 
-1.580000e+01 -1.580000e+01 
-1.579000e+01 -1.579000e+01 
-1.578000e+01 -1.578000e+01 
-1.577000e+01 -1.577000e+01 
-1.576000e+01 -1.576000e+01 
-1.575000e+01 -1.575000e+01 
-1.574000e+01 -1.574000e+01 
-1.573000e+01 -1.573000e+01 
-1.572000e+01 -1.572000e+01 
-1.571000e+01 -1.571000e+01 
-1.570000e+01 -1.570000e+01 
-1.569000e+01 -1.569000e+01 
-1.568000e+01 -1.568000e+01 
-1.567000e+01 -1.567000e+01 
-1.566000e+01 -1.566000e+01 
-1.565000e+01 -1.565000e+01 
-1.564000e+01 -1.564000e+01 
-1.563000e+01 -1.563000e+01 
-1.562000e+01 -1.562000e+01 
-1.561000e+01 -1.561000e+01 
-1.560000e+01 -1.560000e+01 
-1.559000e+01 -1.559000e+01 
-1.558000e+01 -1.558000e+01 
-1.557000e+01 -1.557000e+01 
-1.556000e+01 -1.556000e+01 
-1.555000e+01 -1.555000e+01 
-1.554000e+01 -1.554000e+01 
-1.553000e+01 -1.553000e+01 
-1.552000e+01 -1.552000e+01 
-1.551000e+01 -1.551000e+01 
-1.550000e+01 -1.550000e+01 
-1.549000e+01 -1.549000e+01 
-1.548000e+01 -1.548000e+01 
-1.547000e+01 -1.547000e+01 
-1.546000e+01 -1.546000e+01 
-1.545000e+01 -1.545000e+01 
-1.544000e+01 -1.544000e+01 
-1.543000e+01 -1.543000e+01 
-1.542000e+01 -1.542000e+01 
-1.541000e+01 -1.541000e+01 
-1.540000e+01 -1.540000e+01 
-1.539000e+01 -1.539000e+01 
-1.538000e+01 -1.538000e+01 
-1.537000e+01 -1.537000e+01 
-1.536000e+01 -1.536000e+01 
-1.535000e+01 -1.535000e+01 
-1.534000e+01 -1.534000e+01 
-1.533000e+01 -1.533000e+01 
-1.532000e+01 -1.532000e+01 
-1.531000e+01 -1.531000e+01 
-1.530000e+01 -1.530000e+01 
-1.529000e+01 -1.529000e+01 
-1.528000e+01 -1.528000e+01 
-1.527000e+01 -1.527000e+01 
-1.526000e+01 -1.526000e+01 
-1.525000e+01 -1.525000e+01 
-1.524000e+01 -1.524000e+01 
-1.523000e+01 -1.523000e+01 
-1.522000e+01 -1.522000e+01 
-1.521000e+01 -1.521000e+01 
-1.520000e+01 -1.520000e+01 
-1.519000e+01 -1.519000e+01 
-1.518000e+01 -1.518000e+01 
-1.517000e+01 -1.517000e+01 
-1.516000e+01 -1.516000e+01 
-1.515000e+01 -1.515000e+01 
-1.514000e+01 -1.514000e+01 
-1.513000e+01 -1.513000e+01 
-1.512000e+01 -1.512000e+01 
-1.511000e+01 -1.511000e+01 
-1.510000e+01 -1.510000e+01 
-1.509000e+01 -1.509000e+01 
-1.508000e+01 -1.508000e+01 
-1.507000e+01 -1.507000e+01 
-1.506000e+01 -1.506000e+01 
-1.505000e+01 -1.505000e+01 
-1.504000e+01 -1.504000e+01 
-1.503000e+01 -1.503000e+01 
-1.502000e+01 -1.502000e+01 
-1.501000e+01 -1.501000e+01 
-1.500000e+01 -1.500000e+01 
-1.499000e+01 -1.499000e+01 
-1.498000e+01 -1.498000e+01 
-1.497000e+01 -1.497000e+01 
-1.496000e+01 -1.496000e+01 
-1.495000e+01 -1.495000e+01 
-1.494000e+01 -1.494000e+01 
-1.493000e+01 -1.493000e+01 
-1.492000e+01 -1.492000e+01 
-1.491000e+01 -1.491000e+01 
-1.490000e+01 -1.490000e+01 
-1.489000e+01 -1.489000e+01 
-1.488000e+01 -1.488000e+01 
-1.487000e+01 -1.487000e+01 
-1.486000e+01 -1.486000e+01 
-1.485000e+01 -1.485000e+01 
-1.484000e+01 -1.484000e+01 
-1.483000e+01 -1.483000e+01 
-1.482000e+01 -1.482000e+01 
-1.481000e+01 -1.481000e+01 
-1.480000e+01 -1.480000e+01 
-1.479000e+01 -1.479000e+01 
-1.478000e+01 -1.478000e+01 
-1.477000e+01 -1.477000e+01 
-1.476000e+01 -1.476000e+01 
-1.475000e+01 -1.475000e+01 
-1.474000e+01 -1.474000e+01 
-1.473000e+01 -1.473000e+01 
-1.472000e+01 -1.472000e+01 
-1.471000e+01 -1.471000e+01 
-1.470000e+01 -1.470000e+01 
-1.469000e+01 -1.469000e+01 
-1.468000e+01 -1.468000e+01 
-1.467000e+01 -1.467000e+01 
-1.466000e+01 -1.466000e+01 
-1.465000e+01 -1.465000e+01 
-1.464000e+01 -1.464000e+01 
-1.463000e+01 -1.463000e+01 
-1.462000e+01 -1.462000e+01 
-1.461000e+01 -1.461000e+01 
-1.460000e+01 -1.460000e+01 
-1.459000e+01 -1.459000e+01 
-1.458000e+01 -1.458000e+01 
-1.457000e+01 -1.457000e+01 
-1.456000e+01 -1.456000e+01 
-1.455000e+01 -1.455000e+01 
-1.454000e+01 -1.454000e+01 
-1.453000e+01 -1.453000e+01 
-1.452000e+01 -1.452000e+01 
-1.451000e+01 -1.451000e+01 
-1.450000e+01 -1.450000e+01 
-1.449000e+01 -1.449000e+01 
-1.448000e+01 -1.448000e+01 
-1.447000e+01 -1.447000e+01 
-1.446000e+01 -1.446000e+01 
-1.445000e+01 -1.445000e+01 
-1.444000e+01 -1.444000e+01 
-1.443000e+01 -1.443000e+01 
-1.442000e+01 -1.442000e+01 
-1.441000e+01 -1.441000e+01 
-1.440000e+01 -1.440000e+01 
-1.439000e+01 -1.439000e+01 
-1.438000e+01 -1.438000e+01 
-1.437000e+01 -1.437000e+01 
-1.436000e+01 -1.436000e+01 
-1.435000e+01 -1.435000e+01 
-1.434000e+01 -1.434000e+01 
-1.433000e+01 -1.433000e+01 
-1.432000e+01 -1.432000e+01 
-1.431000e+01 -1.431000e+01 
-1.430000e+01 -1.430000e+01 
-1.429000e+01 -1.429000e+01 
-1.428000e+01 -1.428000e+01 
-1.427000e+01 -1.427000e+01 
-1.426000e+01 -1.426000e+01 
-1.425000e+01 -1.425000e+01 
-1.424000e+01 -1.424000e+01 
-1.423000e+01 -1.423000e+01 
-1.422000e+01 -1.422000e+01 
-1.421000e+01 -1.421000e+01 
-1.420000e+01 -1.420000e+01 
-1.419000e+01 -1.419000e+01 
-1.418000e+01 -1.418000e+01 
-1.417000e+01 -1.417000e+01 
-1.416000e+01 -1.416000e+01 
-1.415000e+01 -1.415000e+01 
-1.414000e+01 -1.414000e+01 
-1.413000e+01 -1.413000e+01 
-1.412000e+01 -1.412000e+01 
-1.411000e+01 -1.411000e+01 
-1.410000e+01 -1.410000e+01 
-1.409000e+01 -1.409000e+01 
-1.408000e+01 -1.408000e+01 
-1.407000e+01 -1.407000e+01 
-1.406000e+01 -1.406000e+01 
-1.405000e+01 -1.405000e+01 
-1.404000e+01 -1.404000e+01 
-1.403000e+01 -1.403000e+01 
-1.402000e+01 -1.402000e+01 
-1.401000e+01 -1.401000e+01 
-1.400000e+01 -1.400000e+01 
-1.399000e+01 -1.399000e+01 
-1.398000e+01 -1.398000e+01 
-1.397000e+01 -1.397000e+01 
-1.396000e+01 -1.396000e+01 
-1.395000e+01 -1.395000e+01 
-1.394000e+01 -1.394000e+01 
-1.393000e+01 -1.393000e+01 
-1.392000e+01 -1.392000e+01 
-1.391000e+01 -1.391000e+01 
-1.390000e+01 -1.390000e+01 
-1.389000e+01 -1.389000e+01 
-1.388000e+01 -1.388000e+01 
-1.387000e+01 -1.387000e+01 
-1.386000e+01 -1.386000e+01 
-1.385000e+01 -1.385000e+01 
-1.384000e+01 -1.384000e+01 
-1.383000e+01 -1.383000e+01 
-1.382000e+01 -1.382000e+01 
-1.381000e+01 -1.381000e+01 
-1.380000e+01 -1.380000e+01 
-1.379000e+01 -1.379000e+01 
-1.378000e+01 -1.378000e+01 
-1.377000e+01 -1.377000e+01 
-1.376000e+01 -1.376000e+01 
-1.375000e+01 -1.375000e+01 
-1.374000e+01 -1.374000e+01 
-1.373000e+01 -1.373000e+01 
-1.372000e+01 -1.372000e+01 
-1.371000e+01 -1.371000e+01 
-1.370000e+01 -1.370000e+01 
-1.369000e+01 -1.369000e+01 
-1.368000e+01 -1.368000e+01 
-1.367000e+01 -1.367000e+01 
-1.366000e+01 -1.366000e+01 
-1.365000e+01 -1.365000e+01 
-1.364000e+01 -1.364000e+01 
-1.363000e+01 -1.363000e+01 
-1.362000e+01 -1.362000e+01 
-1.361000e+01 -1.361000e+01 
-1.360000e+01 -1.360000e+01 
-1.359000e+01 -1.359000e+01 
-1.358000e+01 -1.358000e+01 
-1.357000e+01 -1.357000e+01 
-1.356000e+01 -1.356000e+01 
-1.355000e+01 -1.355000e+01 
-1.354000e+01 -1.354000e+01 
-1.353000e+01 -1.353000e+01 
-1.352000e+01 -1.352000e+01 
-1.351000e+01 -1.351000e+01 
-1.350000e+01 -1.350000e+01 
-1.349000e+01 -1.349000e+01 
-1.348000e+01 -1.348000e+01 
-1.347000e+01 -1.347000e+01 
-1.346000e+01 -1.346000e+01 
-1.345000e+01 -1.345000e+01 
-1.344000e+01 -1.344000e+01 
-1.343000e+01 -1.343000e+01 
-1.342000e+01 -1.342000e+01 
-1.341000e+01 -1.341000e+01 
-1.340000e+01 -1.340000e+01 
-1.339000e+01 -1.339000e+01 
-1.338000e+01 -1.338000e+01 
-1.337000e+01 -1.337000e+01 
-1.336000e+01 -1.336000e+01 
-1.335000e+01 -1.335000e+01 
-1.334000e+01 -1.334000e+01 
-1.333000e+01 -1.333000e+01 
-1.332000e+01 -1.332000e+01 
-1.331000e+01 -1.331000e+01 
-1.330000e+01 -1.330000e+01 
-1.329000e+01 -1.329000e+01 
-1.328000e+01 -1.328000e+01 
-1.327000e+01 -1.327000e+01 
-1.326000e+01 -1.326000e+01 
-1.325000e+01 -1.325000e+01 
-1.324000e+01 -1.324000e+01 
-1.323000e+01 -1.323000e+01 
-1.322000e+01 -1.322000e+01 
-1.321000e+01 -1.321000e+01 
-1.320000e+01 -1.320000e+01 
-1.319000e+01 -1.319000e+01 
-1.318000e+01 -1.318000e+01 
-1.317000e+01 -1.317000e+01 
-1.316000e+01 -1.316000e+01 
-1.315000e+01 -1.315000e+01 
-1.314000e+01 -1.314000e+01 
-1.313000e+01 -1.313000e+01 
-1.312000e+01 -1.312000e+01 
-1.311000e+01 -1.311000e+01 
-1.310000e+01 -1.310000e+01 
-1.309000e+01 -1.309000e+01 
-1.308000e+01 -1.308000e+01 
-1.307000e+01 -1.307000e+01 
-1.306000e+01 -1.306000e+01 
-1.305000e+01 -1.305000e+01 
-1.304000e+01 -1.304000e+01 
-1.303000e+01 -1.303000e+01 
-1.302000e+01 -1.302000e+01 
-1.301000e+01 -1.301000e+01 
-1.300000e+01 -1.300000e+01 
-1.299000e+01 -1.299000e+01 
-1.298000e+01 -1.298000e+01 
-1.297000e+01 -1.297000e+01 
-1.296000e+01 -1.296000e+01 
-1.295000e+01 -1.295000e+01 
-1.294000e+01 -1.294000e+01 
-1.293000e+01 -1.293000e+01 
-1.292000e+01 -1.292000e+01 
-1.291000e+01 -1.291000e+01 
-1.290000e+01 -1.290000e+01 
-1.289000e+01 -1.289000e+01 
-1.288000e+01 -1.288000e+01 
-1.287000e+01 -1.287000e+01 
-1.286000e+01 -1.286000e+01 
-1.285000e+01 -1.285000e+01 
-1.284000e+01 -1.284000e+01 
-1.283000e+01 -1.283000e+01 
-1.282000e+01 -1.282000e+01 
-1.281000e+01 -1.281000e+01 
-1.280000e+01 -1.280000e+01 
-1.279000e+01 -1.279000e+01 
-1.278000e+01 -1.278000e+01 
-1.277000e+01 -1.277000e+01 
-1.276000e+01 -1.276000e+01 
-1.275000e+01 -1.275000e+01 
-1.274000e+01 -1.274000e+01 
-1.273000e+01 -1.273000e+01 
-1.272000e+01 -1.272000e+01 
-1.271000e+01 -1.271000e+01 
-1.270000e+01 -1.270000e+01 
-1.269000e+01 -1.269000e+01 
-1.268000e+01 -1.268000e+01 
-1.267000e+01 -1.267000e+01 
-1.266000e+01 -1.266000e+01 
-1.265000e+01 -1.265000e+01 
-1.264000e+01 -1.264000e+01 
-1.263000e+01 -1.263000e+01 
-1.262000e+01 -1.262000e+01 
-1.261000e+01 -1.261000e+01 
-1.260000e+01 -1.260000e+01 
-1.259000e+01 -1.259000e+01 
-1.258000e+01 -1.258000e+01 
-1.257000e+01 -1.257000e+01 
-1.256000e+01 -1.256000e+01 
-1.255000e+01 -1.255000e+01 
-1.254000e+01 -1.254000e+01 
-1.253000e+01 -1.253000e+01 
-1.252000e+01 -1.252000e+01 
-1.251000e+01 -1.251000e+01 
-1.250000e+01 -1.250000e+01 
-1.249000e+01 -1.249000e+01 
-1.248000e+01 -1.248000e+01 
-1.247000e+01 -1.247000e+01 
-1.246000e+01 -1.246000e+01 
-1.245000e+01 -1.245000e+01 
-1.244000e+01 -1.244000e+01 
-1.243000e+01 -1.243000e+01 
-1.242000e+01 -1.242000e+01 
-1.241000e+01 -1.241000e+01 
-1.240000e+01 -1.240000e+01 
-1.239000e+01 -1.239000e+01 
-1.238000e+01 -1.238000e+01 
-1.237000e+01 -1.237000e+01 
-1.236000e+01 -1.236000e+01 
-1.235000e+01 -1.235000e+01 
-1.234000e+01 -1.234000e+01 
-1.233000e+01 -1.233000e+01 
-1.232000e+01 -1.232000e+01 
-1.231000e+01 -1.231000e+01 
-1.230000e+01 -1.230000e+01 
-1.229000e+01 -1.229000e+01 
-1.228000e+01 -1.228000e+01 
-1.227000e+01 -1.227000e+01 
-1.226000e+01 -1.226000e+01 
-1.225000e+01 -1.225000e+01 
-1.224000e+01 -1.224000e+01 
-1.223000e+01 -1.223000e+01 
-1.222000e+01 -1.222000e+01 
-1.221000e+01 -1.221000e+01 
-1.220000e+01 -1.220000e+01 
-1.219000e+01 -1.219000e+01 
-1.218000e+01 -1.218000e+01 
-1.217000e+01 -1.217000e+01 
-1.216000e+01 -1.216000e+01 
-1.215000e+01 -1.215000e+01 
-1.214000e+01 -1.214000e+01 
-1.213000e+01 -1.213000e+01 
-1.212000e+01 -1.212000e+01 
-1.211000e+01 -1.211000e+01 
-1.210000e+01 -1.210000e+01 
-1.209000e+01 -1.209000e+01 
-1.208000e+01 -1.208000e+01 
-1.207000e+01 -1.207000e+01 
-1.206000e+01 -1.206000e+01 
-1.205000e+01 -1.205000e+01 
-1.204000e+01 -1.204000e+01 
-1.203000e+01 -1.203000e+01 
-1.202000e+01 -1.202000e+01 
-1.201000e+01 -1.201000e+01 
-1.200000e+01 -1.200000e+01 
-1.199000e+01 -1.199000e+01 
-1.198000e+01 -1.198000e+01 
-1.197000e+01 -1.197000e+01 
-1.196000e+01 -1.196000e+01 
-1.195000e+01 -1.195000e+01 
-1.194000e+01 -1.194000e+01 
-1.193000e+01 -1.193000e+01 
-1.192000e+01 -1.192000e+01 
-1.191000e+01 -1.191000e+01 
-1.190000e+01 -1.190000e+01 
-1.189000e+01 -1.189000e+01 
-1.188000e+01 -1.188000e+01 
-1.187000e+01 -1.187000e+01 
-1.186000e+01 -1.186000e+01 
-1.185000e+01 -1.185000e+01 
-1.184000e+01 -1.184000e+01 
-1.183000e+01 -1.183000e+01 
-1.182000e+01 -1.182000e+01 
-1.181000e+01 -1.181000e+01 
-1.180000e+01 -1.180000e+01 
-1.179000e+01 -1.179000e+01 
-1.178000e+01 -1.178000e+01 
-1.177000e+01 -1.177000e+01 
-1.176000e+01 -1.176000e+01 
-1.175000e+01 -1.175000e+01 
-1.174000e+01 -1.174000e+01 
-1.173000e+01 -1.173000e+01 
-1.172000e+01 -1.172000e+01 
-1.171000e+01 -1.171000e+01 
-1.170000e+01 -1.170000e+01 
-1.169000e+01 -1.169000e+01 
-1.168000e+01 -1.168000e+01 
-1.167000e+01 -1.167000e+01 
-1.166000e+01 -1.166000e+01 
-1.165000e+01 -1.165000e+01 
-1.164000e+01 -1.164000e+01 
-1.163000e+01 -1.163000e+01 
-1.162000e+01 -1.162000e+01 
-1.161000e+01 -1.161000e+01 
-1.160000e+01 -1.160000e+01 
-1.159000e+01 -1.159000e+01 
-1.158000e+01 -1.158000e+01 
-1.157000e+01 -1.157000e+01 
-1.156000e+01 -1.156000e+01 
-1.155000e+01 -1.155000e+01 
-1.154000e+01 -1.154000e+01 
-1.153000e+01 -1.153000e+01 
-1.152000e+01 -1.152000e+01 
-1.151000e+01 -1.151000e+01 
-1.150000e+01 -1.150000e+01 
-1.149000e+01 -1.149000e+01 
-1.148000e+01 -1.148000e+01 
-1.147000e+01 -1.147000e+01 
-1.146000e+01 -1.146000e+01 
-1.145000e+01 -1.145000e+01 
-1.144000e+01 -1.144000e+01 
-1.143000e+01 -1.143000e+01 
-1.142000e+01 -1.142000e+01 
-1.141000e+01 -1.141000e+01 
-1.140000e+01 -1.140000e+01 
-1.139000e+01 -1.139000e+01 
-1.138000e+01 -1.138000e+01 
-1.137000e+01 -1.137000e+01 
-1.136000e+01 -1.136000e+01 
-1.135000e+01 -1.135000e+01 
-1.134000e+01 -1.134000e+01 
-1.133000e+01 -1.133000e+01 
-1.132000e+01 -1.132000e+01 
-1.131000e+01 -1.131000e+01 
-1.130000e+01 -1.130000e+01 
-1.129000e+01 -1.129000e+01 
-1.128000e+01 -1.128000e+01 
-1.127000e+01 -1.127000e+01 
-1.126000e+01 -1.126000e+01 
-1.125000e+01 -1.125000e+01 
-1.124000e+01 -1.124000e+01 
-1.123000e+01 -1.123000e+01 
-1.122000e+01 -1.122000e+01 
-1.121000e+01 -1.121000e+01 
-1.120000e+01 -1.120000e+01 
-1.119000e+01 -1.119000e+01 
-1.118000e+01 -1.118000e+01 
-1.117000e+01 -1.117000e+01 
-1.116000e+01 -1.116000e+01 
-1.115000e+01 -1.115000e+01 
-1.114000e+01 -1.114000e+01 
-1.113000e+01 -1.113000e+01 
-1.112000e+01 -1.112000e+01 
-1.111000e+01 -1.111000e+01 
-1.110000e+01 -1.110000e+01 
-1.109000e+01 -1.109000e+01 
-1.108000e+01 -1.108000e+01 
-1.107000e+01 -1.107000e+01 
-1.106000e+01 -1.106000e+01 
-1.105000e+01 -1.105000e+01 
-1.104000e+01 -1.104000e+01 
-1.103000e+01 -1.103000e+01 
-1.102000e+01 -1.102000e+01 
-1.101000e+01 -1.101000e+01 
-1.100000e+01 -1.100000e+01 
-1.099000e+01 -1.099000e+01 
-1.098000e+01 -1.098000e+01 
-1.097000e+01 -1.097000e+01 
-1.096000e+01 -1.096000e+01 
-1.095000e+01 -1.095000e+01 
-1.094000e+01 -1.094000e+01 
-1.093000e+01 -1.093000e+01 
-1.092000e+01 -1.092000e+01 
-1.091000e+01 -1.091000e+01 
-1.090000e+01 -1.090000e+01 
-1.089000e+01 -1.089000e+01 
-1.088000e+01 -1.088000e+01 
-1.087000e+01 -1.087000e+01 
-1.086000e+01 -1.086000e+01 
-1.085000e+01 -1.085000e+01 
-1.084000e+01 -1.084000e+01 
-1.083000e+01 -1.083000e+01 
-1.082000e+01 -1.082000e+01 
-1.081000e+01 -1.081000e+01 
-1.080000e+01 -1.080000e+01 
-1.079000e+01 -1.079000e+01 
-1.078000e+01 -1.078000e+01 
-1.077000e+01 -1.077000e+01 
-1.076000e+01 -1.076000e+01 
-1.075000e+01 -1.075000e+01 
-1.074000e+01 -1.074000e+01 
-1.073000e+01 -1.073000e+01 
-1.072000e+01 -1.072000e+01 
-1.071000e+01 -1.071000e+01 
-1.070000e+01 -1.070000e+01 
-1.069000e+01 -1.069000e+01 
-1.068000e+01 -1.068000e+01 
-1.067000e+01 -1.067000e+01 
-1.066000e+01 -1.066000e+01 
-1.065000e+01 -1.065000e+01 
-1.064000e+01 -1.064000e+01 
-1.063000e+01 -1.063000e+01 
-1.062000e+01 -1.062000e+01 
-1.061000e+01 -1.061000e+01 
-1.060000e+01 -1.060000e+01 
-1.059000e+01 -1.059000e+01 
-1.058000e+01 -1.058000e+01 
-1.057000e+01 -1.057000e+01 
-1.056000e+01 -1.056000e+01 
-1.055000e+01 -1.055000e+01 
-1.054000e+01 -1.054000e+01 
-1.053000e+01 -1.053000e+01 
-1.052000e+01 -1.052000e+01 
-1.051000e+01 -1.051000e+01 
-1.050000e+01 -1.050000e+01 
-1.049000e+01 -1.049000e+01 
-1.048000e+01 -1.048000e+01 
-1.047000e+01 -1.047000e+01 
-1.046000e+01 -1.046000e+01 
-1.045000e+01 -1.045000e+01 
-1.044000e+01 -1.044000e+01 
-1.043000e+01 -1.043000e+01 
-1.042000e+01 -1.042000e+01 
-1.041000e+01 -1.041000e+01 
-1.040000e+01 -1.040000e+01 
-1.039000e+01 -1.039000e+01 
-1.038000e+01 -1.038000e+01 
-1.037000e+01 -1.037000e+01 
-1.036000e+01 -1.036000e+01 
-1.035000e+01 -1.035000e+01 
-1.034000e+01 -1.034000e+01 
-1.033000e+01 -1.033000e+01 
-1.032000e+01 -1.032000e+01 
-1.031000e+01 -1.031000e+01 
-1.030000e+01 -1.030000e+01 
-1.029000e+01 -1.029000e+01 
-1.028000e+01 -1.028000e+01 
-1.027000e+01 -1.027000e+01 
-1.026000e+01 -1.026000e+01 
-1.025000e+01 -1.025000e+01 
-1.024000e+01 -1.024000e+01 
-1.023000e+01 -1.023000e+01 
-1.022000e+01 -1.022000e+01 
-1.021000e+01 -1.021000e+01 
-1.020000e+01 -1.020000e+01 
-1.019000e+01 -1.019000e+01 
-1.018000e+01 -1.018000e+01 
-1.017000e+01 -1.017000e+01 
-1.016000e+01 -1.016000e+01 
-1.015000e+01 -1.015000e+01 
-1.014000e+01 -1.014000e+01 
-1.013000e+01 -1.013000e+01 
-1.012000e+01 -1.012000e+01 
-1.011000e+01 -1.011000e+01 
-1.010000e+01 -1.010000e+01 
-1.009000e+01 -1.009000e+01 
-1.008000e+01 -1.008000e+01 
-1.007000e+01 -1.007000e+01 
-1.006000e+01 -1.006000e+01 
-1.005000e+01 -1.005000e+01 
-1.004000e+01 -1.004000e+01 
-1.003000e+01 -1.003000e+01 
-1.002000e+01 -1.002000e+01 
-1.001000e+01 -1.001000e+01 
-1.000000e+01 -1.000000e+01 
-9.990000e+00 -9.990000e+00 
-9.980000e+00 -9.980000e+00 
-9.970000e+00 -9.970000e+00 
-9.960000e+00 -9.960000e+00 
-9.950000e+00 -9.950000e+00 
-9.940000e+00 -9.940000e+00 
-9.930000e+00 -9.930000e+00 
-9.920000e+00 -9.920000e+00 
-9.910000e+00 -9.910000e+00 
-9.900000e+00 -9.900000e+00 
-9.890000e+00 -9.890000e+00 
-9.880000e+00 -9.880000e+00 
-9.870000e+00 -9.870000e+00 
-9.860000e+00 -9.860000e+00 
-9.850000e+00 -9.850000e+00 
-9.840000e+00 -9.840000e+00 
-9.830000e+00 -9.830000e+00 
-9.820000e+00 -9.820000e+00 
-9.810000e+00 -9.810000e+00 
-9.800000e+00 -9.800000e+00 
-9.790000e+00 -9.790000e+00 
-9.780000e+00 -9.780000e+00 
-9.770000e+00 -9.770000e+00 
-9.760000e+00 -9.760000e+00 
-9.750000e+00 -9.750000e+00 
-9.740000e+00 -9.740000e+00 
-9.730000e+00 -9.730000e+00 
-9.720000e+00 -9.720000e+00 
-9.710000e+00 -9.710000e+00 
-9.700000e+00 -9.700000e+00 
-9.690000e+00 -9.690000e+00 
-9.680000e+00 -9.680000e+00 
-9.670000e+00 -9.670000e+00 
-9.660000e+00 -9.660000e+00 
-9.650000e+00 -9.650000e+00 
-9.640000e+00 -9.640000e+00 
-9.630000e+00 -9.630000e+00 
-9.620000e+00 -9.620000e+00 
-9.610000e+00 -9.610000e+00 
-9.600000e+00 -9.600000e+00 
-9.590000e+00 -9.590000e+00 
-9.580000e+00 -9.580000e+00 
-9.570000e+00 -9.570000e+00 
-9.560000e+00 -9.560000e+00 
-9.550000e+00 -9.550000e+00 
-9.540000e+00 -9.540000e+00 
-9.530000e+00 -9.530000e+00 
-9.520000e+00 -9.520000e+00 
-9.510000e+00 -9.510000e+00 
-9.500000e+00 -9.500000e+00 
-9.490000e+00 -9.490000e+00 
-9.480000e+00 -9.480000e+00 
-9.470000e+00 -9.470000e+00 
-9.460000e+00 -9.460000e+00 
-9.450000e+00 -9.450000e+00 
-9.440000e+00 -9.440000e+00 
-9.430000e+00 -9.430000e+00 
-9.420000e+00 -9.420000e+00 
-9.410000e+00 -9.410000e+00 
-9.400000e+00 -9.400000e+00 
-9.390000e+00 -9.390000e+00 
-9.380000e+00 -9.380000e+00 
-9.370000e+00 -9.370000e+00 
-9.360000e+00 -9.360000e+00 
-9.350000e+00 -9.350000e+00 
-9.340000e+00 -9.340000e+00 
-9.330000e+00 -9.330000e+00 
-9.320000e+00 -9.320000e+00 
-9.310000e+00 -9.310000e+00 
-9.300000e+00 -9.300000e+00 
-9.290000e+00 -9.290000e+00 
-9.280000e+00 -9.280000e+00 
-9.270000e+00 -9.270000e+00 
-9.260000e+00 -9.260000e+00 
-9.250000e+00 -9.250000e+00 
-9.240000e+00 -9.240000e+00 
-9.230000e+00 -9.230000e+00 
-9.220000e+00 -9.220000e+00 
-9.210000e+00 -9.210000e+00 
-9.200000e+00 -9.200000e+00 
-9.190000e+00 -9.190000e+00 
-9.180000e+00 -9.180000e+00 
-9.170000e+00 -9.170000e+00 
-9.160000e+00 -9.160000e+00 
-9.150000e+00 -9.150000e+00 
-9.140000e+00 -9.140000e+00 
-9.130000e+00 -9.130000e+00 
-9.120000e+00 -9.120000e+00 
-9.110000e+00 -9.110000e+00 
-9.100000e+00 -9.100000e+00 
-9.090000e+00 -9.090000e+00 
-9.080000e+00 -9.080000e+00 
-9.070000e+00 -9.070000e+00 
-9.060000e+00 -9.060000e+00 
-9.050000e+00 -9.050000e+00 
-9.040000e+00 -9.040000e+00 
-9.030000e+00 -9.030000e+00 
-9.020000e+00 -9.020000e+00 
-9.010000e+00 -9.010000e+00 
-9.000000e+00 -9.000000e+00 
-8.990000e+00 -8.990000e+00 
-8.980000e+00 -8.980000e+00 
-8.970000e+00 -8.970000e+00 
-8.960000e+00 -8.960000e+00 
-8.950000e+00 -8.950000e+00 
-8.940000e+00 -8.940000e+00 
-8.930000e+00 -8.930000e+00 
-8.920000e+00 -8.920000e+00 
-8.910000e+00 -8.910000e+00 
-8.900000e+00 -8.900000e+00 
-8.890000e+00 -8.890000e+00 
-8.880000e+00 -8.880000e+00 
-8.870000e+00 -8.870000e+00 
-8.860000e+00 -8.860000e+00 
-8.850000e+00 -8.850000e+00 
-8.840000e+00 -8.840000e+00 
-8.830000e+00 -8.830000e+00 
-8.820000e+00 -8.820000e+00 
-8.810000e+00 -8.810000e+00 
-8.800000e+00 -8.800000e+00 
-8.790000e+00 -8.790000e+00 
-8.780000e+00 -8.780000e+00 
-8.770000e+00 -8.770000e+00 
-8.760000e+00 -8.760000e+00 
-8.750000e+00 -8.750000e+00 
-8.740000e+00 -8.740000e+00 
-8.730000e+00 -8.730000e+00 
-8.720000e+00 -8.720000e+00 
-8.710000e+00 -8.710000e+00 
-8.700000e+00 -8.700000e+00 
-8.690000e+00 -8.690000e+00 
-8.680000e+00 -8.680000e+00 
-8.670000e+00 -8.670000e+00 
-8.660000e+00 -8.660000e+00 
-8.650000e+00 -8.650000e+00 
-8.640000e+00 -8.640000e+00 
-8.630000e+00 -8.630000e+00 
-8.620000e+00 -8.620000e+00 
-8.610000e+00 -8.610000e+00 
-8.600000e+00 -8.600000e+00 
-8.590000e+00 -8.590000e+00 
-8.580000e+00 -8.580000e+00 
-8.570000e+00 -8.570000e+00 
-8.560000e+00 -8.560000e+00 
-8.550000e+00 -8.550000e+00 
-8.540000e+00 -8.540000e+00 
-8.530000e+00 -8.530000e+00 
-8.520000e+00 -8.520000e+00 
-8.510000e+00 -8.510000e+00 
-8.500000e+00 -8.500000e+00 
-8.490000e+00 -8.490000e+00 
-8.480000e+00 -8.480000e+00 
-8.470000e+00 -8.470000e+00 
-8.460000e+00 -8.460000e+00 
-8.450000e+00 -8.450000e+00 
-8.440000e+00 -8.440000e+00 
-8.430000e+00 -8.430000e+00 
-8.420000e+00 -8.420000e+00 
-8.410000e+00 -8.410000e+00 
-8.400000e+00 -8.400000e+00 
-8.390000e+00 -8.390000e+00 
-8.380000e+00 -8.380000e+00 
-8.370000e+00 -8.370000e+00 
-8.360000e+00 -8.360000e+00 
-8.350000e+00 -8.350000e+00 
-8.340000e+00 -8.340000e+00 
-8.330000e+00 -8.330000e+00 
-8.320000e+00 -8.320000e+00 
-8.310000e+00 -8.310000e+00 
-8.300000e+00 -8.300000e+00 
-8.290000e+00 -8.290000e+00 
-8.280000e+00 -8.280000e+00 
-8.270000e+00 -8.270000e+00 
-8.260000e+00 -8.260000e+00 
-8.250000e+00 -8.250000e+00 
-8.240000e+00 -8.240000e+00 
-8.230000e+00 -8.230000e+00 
-8.220000e+00 -8.220000e+00 
-8.210000e+00 -8.210000e+00 
-8.200000e+00 -8.200000e+00 
-8.190000e+00 -8.190000e+00 
-8.180000e+00 -8.180000e+00 
-8.170000e+00 -8.170000e+00 
-8.160000e+00 -8.160000e+00 
-8.150000e+00 -8.150000e+00 
-8.140000e+00 -8.140000e+00 
-8.130000e+00 -8.130000e+00 
-8.120000e+00 -8.120000e+00 
-8.110000e+00 -8.110000e+00 
-8.100000e+00 -8.100000e+00 
-8.090000e+00 -8.090000e+00 
-8.080000e+00 -8.080000e+00 
-8.070000e+00 -8.070000e+00 
-8.060000e+00 -8.060000e+00 
-8.050000e+00 -8.050000e+00 
-8.040000e+00 -8.040000e+00 
-8.030000e+00 -8.030000e+00 
-8.020000e+00 -8.020000e+00 
-8.010000e+00 -8.010000e+00 
-8.000000e+00 -8.000000e+00 
-7.990000e+00 -7.990000e+00 
-7.980000e+00 -7.980000e+00 
-7.970000e+00 -7.970000e+00 
-7.960000e+00 -7.960000e+00 
-7.950000e+00 -7.950000e+00 
-7.940000e+00 -7.940000e+00 
-7.930000e+00 -7.930000e+00 
-7.920000e+00 -7.920000e+00 
-7.910000e+00 -7.910000e+00 
-7.900000e+00 -7.900000e+00 
-7.890000e+00 -7.890000e+00 
-7.880000e+00 -7.880000e+00 
-7.870000e+00 -7.870000e+00 
-7.860000e+00 -7.860000e+00 
-7.850000e+00 -7.850000e+00 
-7.840000e+00 -7.840000e+00 
-7.830000e+00 -7.830000e+00 
-7.820000e+00 -7.820000e+00 
-7.810000e+00 -7.810000e+00 
-7.800000e+00 -7.800000e+00 
-7.790000e+00 -7.790000e+00 
-7.780000e+00 -7.780000e+00 
-7.770000e+00 -7.770000e+00 
-7.760000e+00 -7.760000e+00 
-7.750000e+00 -7.750000e+00 
-7.740000e+00 -7.740000e+00 
-7.730000e+00 -7.730000e+00 
-7.720000e+00 -7.720000e+00 
-7.710000e+00 -7.710000e+00 
-7.700000e+00 -7.700000e+00 
-7.690000e+00 -7.690000e+00 
-7.680000e+00 -7.680000e+00 
-7.670000e+00 -7.670000e+00 
-7.660000e+00 -7.660000e+00 
-7.650000e+00 -7.650000e+00 
-7.640000e+00 -7.640000e+00 
-7.630000e+00 -7.630000e+00 
-7.620000e+00 -7.620000e+00 
-7.610000e+00 -7.610000e+00 
-7.600000e+00 -7.600000e+00 
-7.590000e+00 -7.590000e+00 
-7.580000e+00 -7.580000e+00 
-7.570000e+00 -7.570000e+00 
-7.560000e+00 -7.560000e+00 
-7.550000e+00 -7.550000e+00 
-7.540000e+00 -7.540000e+00 
-7.530000e+00 -7.530000e+00 
-7.520000e+00 -7.520000e+00 
-7.510000e+00 -7.510000e+00 
-7.500000e+00 -7.500000e+00 
-7.490000e+00 -7.490000e+00 
-7.480000e+00 -7.480000e+00 
-7.470000e+00 -7.470000e+00 
-7.460000e+00 -7.460000e+00 
-7.450000e+00 -7.450000e+00 
-7.440000e+00 -7.440000e+00 
-7.430000e+00 -7.430000e+00 
-7.420000e+00 -7.420000e+00 
-7.410000e+00 -7.410000e+00 
-7.400000e+00 -7.400000e+00 
-7.390000e+00 -7.390000e+00 
-7.380000e+00 -7.380000e+00 
-7.370000e+00 -7.370000e+00 
-7.360000e+00 -7.360000e+00 
-7.350000e+00 -7.350000e+00 
-7.340000e+00 -7.340000e+00 
-7.330000e+00 -7.330000e+00 
-7.320000e+00 -7.320000e+00 
-7.310000e+00 -7.310000e+00 
-7.300000e+00 -7.300000e+00 
-7.290000e+00 -7.290000e+00 
-7.280000e+00 -7.280000e+00 
-7.270000e+00 -7.270000e+00 
-7.260000e+00 -7.260000e+00 
-7.250000e+00 -7.250000e+00 
-7.240000e+00 -7.240000e+00 
-7.230000e+00 -7.230000e+00 
-7.220000e+00 -7.220000e+00 
-7.210000e+00 -7.210000e+00 
-7.200000e+00 -7.200000e+00 
-7.190000e+00 -7.190000e+00 
-7.180000e+00 -7.180000e+00 
-7.170000e+00 -7.170000e+00 
-7.160000e+00 -7.160000e+00 
-7.150000e+00 -7.150000e+00 
-7.140000e+00 -7.140000e+00 
-7.130000e+00 -7.130000e+00 
-7.120000e+00 -7.120000e+00 
-7.110000e+00 -7.110000e+00 
-7.100000e+00 -7.100000e+00 
-7.090000e+00 -7.090000e+00 
-7.080000e+00 -7.080000e+00 
-7.070000e+00 -7.070000e+00 
-7.060000e+00 -7.060000e+00 
-7.050000e+00 -7.050000e+00 
-7.040000e+00 -7.040000e+00 
-7.030000e+00 -7.030000e+00 
-7.020000e+00 -7.020000e+00 
-7.010000e+00 -7.010000e+00 
-7.000000e+00 -7.000000e+00 
-6.990000e+00 -6.990000e+00 
-6.980000e+00 -6.980000e+00 
-6.970000e+00 -6.970000e+00 
-6.960000e+00 -6.960000e+00 
-6.950000e+00 -6.950000e+00 
-6.940000e+00 -6.940001e+00 
-6.930000e+00 -6.930001e+00 
-6.920000e+00 -6.920001e+00 
-6.910000e+00 -6.910001e+00 
-6.900000e+00 -6.900001e+00 
-6.890000e+00 -6.890001e+00 
-6.880000e+00 -6.880002e+00 
-6.870000e+00 -6.870002e+00 
-6.860000e+00 -6.860003e+00 
-6.850000e+00 -6.850003e+00 
-6.840000e+00 -6.840004e+00 
-6.830000e+00 -6.830005e+00 
-6.820000e+00 -6.820006e+00 
-6.810000e+00 -6.810008e+00 
-6.800000e+00 -6.800009e+00 
-6.790000e+00 -6.790011e+00 
-6.780000e+00 -6.780014e+00 
-6.770000e+00 -6.770017e+00 
-6.760000e+00 -6.760021e+00 
-6.750000e+00 -6.750026e+00 
-6.740000e+00 -6.740032e+00 
-6.730000e+00 -6.730040e+00 
-6.720000e+00 -6.720049e+00 
-6.710000e+00 -6.710060e+00 
-6.700000e+00 -6.700074e+00 
-6.690000e+00 -6.690091e+00 
-6.680000e+00 -6.680113e+00 
-6.670000e+00 -6.670140e+00 
-6.660000e+00 -6.660173e+00 
-6.650000e+00 -6.650215e+00 
-6.640000e+00 -6.640268e+00 
-6.630000e+00 -6.630334e+00 
-6.620000e+00 -6.620418e+00 
-6.610000e+00 -6.610522e+00 
-6.600000e+00 -6.600650e+00 
-6.590000e+00 -6.590806e+00 
-6.580000e+00 -6.580991e+00 
-6.570000e+00 -6.571207e+00 
-6.560000e+00 -6.561451e+00 
-6.550000e+00 -6.551722e+00 
-6.540000e+00 -6.542014e+00 
-6.530000e+00 -6.532326e+00 
-6.520000e+00 -6.522654e+00 
-6.510000e+00 -6.512995e+00 
-6.500000e+00 -6.503346e+00 
-6.490000e+00 -6.493707e+00 
-6.480000e+00 -6.484074e+00 
-6.470000e+00 -6.474447e+00 
-6.460000e+00 -6.464826e+00 
-6.450000e+00 -6.455209e+00 
-6.440000e+00 -6.445593e+00 
-6.430000e+00 -6.435983e+00 
-6.420000e+00 -6.426376e+00 
-6.410000e+00 -6.416770e+00 
-6.400000e+00 -6.407167e+00 
-6.390000e+00 -6.397566e+00 
-6.380000e+00 -6.387966e+00 
-6.370000e+00 -6.378368e+00 
-6.360000e+00 -6.368772e+00 
-6.350000e+00 -6.359176e+00 
-6.340000e+00 -6.349582e+00 
-6.330000e+00 -6.339989e+00 
-6.320000e+00 -6.330397e+00 
-6.310000e+00 -6.320806e+00 
-6.300000e+00 -6.311216e+00 
-6.290000e+00 -6.301627e+00 
-6.280000e+00 -6.292039e+00 
-6.270000e+00 -6.282452e+00 
-6.260000e+00 -6.272865e+00 
-6.250000e+00 -6.263280e+00 
-6.240000e+00 -6.253695e+00 
-6.230000e+00 -6.244111e+00 
-6.220000e+00 -6.234527e+00 
-6.210000e+00 -6.224944e+00 
-6.200000e+00 -6.215362e+00 
-6.190000e+00 -6.205781e+00 
-6.180000e+00 -6.196201e+00 
-6.170000e+00 -6.186621e+00 
-6.160000e+00 -6.177042e+00 
-6.150000e+00 -6.167463e+00 
-6.140000e+00 -6.157885e+00 
-6.130000e+00 -6.148308e+00 
-6.120000e+00 -6.138732e+00 
-6.110000e+00 -6.129156e+00 
-6.100000e+00 -6.119581e+00 
-6.090000e+00 -6.110006e+00 
-6.080000e+00 -6.100433e+00 
-6.070000e+00 -6.090859e+00 
-6.060000e+00 -6.081287e+00 
-6.050000e+00 -6.071715e+00 
-6.040000e+00 -6.062144e+00 
-6.030000e+00 -6.052573e+00 
-6.020000e+00 -6.043004e+00 
-6.010000e+00 -6.033434e+00 
-6.000000e+00 -6.023866e+00 
-5.990000e+00 -6.014298e+00 
-5.980000e+00 -6.004731e+00 
-5.970000e+00 -5.995164e+00 
-5.960000e+00 -5.985599e+00 
-5.950000e+00 -5.976033e+00 
-5.940000e+00 -5.966469e+00 
-5.930000e+00 -5.956905e+00 
-5.920000e+00 -5.947342e+00 
-5.910000e+00 -5.937779e+00 
-5.900000e+00 -5.928217e+00 
-5.890000e+00 -5.918656e+00 
-5.880000e+00 -5.909096e+00 
-5.870000e+00 -5.899536e+00 
-5.860000e+00 -5.889977e+00 
-5.850000e+00 -5.880418e+00 
-5.840000e+00 -5.870860e+00 
-5.830000e+00 -5.861303e+00 
-5.820000e+00 -5.851747e+00 
-5.810000e+00 -5.842191e+00 
-5.800000e+00 -5.832636e+00 
-5.790000e+00 -5.823081e+00 
-5.780000e+00 -5.813528e+00 
-5.770000e+00 -5.803975e+00 
-5.760000e+00 -5.794422e+00 
-5.750000e+00 -5.784871e+00 
-5.740000e+00 -5.775320e+00 
-5.730000e+00 -5.765769e+00 
-5.720000e+00 -5.756220e+00 
-5.710000e+00 -5.746671e+00 
-5.700000e+00 -5.737122e+00 
-5.690000e+00 -5.727575e+00 
-5.680000e+00 -5.718028e+00 
-5.670000e+00 -5.708482e+00 
-5.660000e+00 -5.698937e+00 
-5.650000e+00 -5.689392e+00 
-5.640000e+00 -5.679848e+00 
-5.630000e+00 -5.670305e+00 
-5.620000e+00 -5.660762e+00 
-5.610000e+00 -5.651220e+00 
-5.600000e+00 -5.641679e+00 
-5.590000e+00 -5.632138e+00 
-5.580000e+00 -5.622599e+00 
-5.570000e+00 -5.613059e+00 
-5.560000e+00 -5.603521e+00 
-5.550000e+00 -5.593984e+00 
-5.540000e+00 -5.584447e+00 
-5.530000e+00 -5.574910e+00 
-5.520000e+00 -5.565375e+00 
-5.510000e+00 -5.555840e+00 
-5.500000e+00 -5.546306e+00 
-5.490000e+00 -5.536773e+00 
-5.480000e+00 -5.527240e+00 
-5.470000e+00 -5.517708e+00 
-5.460000e+00 -5.508177e+00 
-5.450000e+00 -5.498647e+00 
-5.440000e+00 -5.489117e+00 
-5.430000e+00 -5.479588e+00 
-5.420000e+00 -5.470060e+00 
-5.410000e+00 -5.460533e+00 
-5.400000e+00 -5.451006e+00 
-5.390000e+00 -5.441480e+00 
-5.380000e+00 -5.431955e+00 
-5.370000e+00 -5.422430e+00 
-5.360000e+00 -5.412906e+00 
-5.350000e+00 -5.403383e+00 
-5.340000e+00 -5.393861e+00 
-5.330000e+00 -5.384339e+00 
-5.320000e+00 -5.374818e+00 
-5.310000e+00 -5.365298e+00 
-5.300000e+00 -5.355779e+00 
-5.290000e+00 -5.346261e+00 
-5.280000e+00 -5.336743e+00 
-5.270000e+00 -5.327226e+00 
-5.260000e+00 -5.317709e+00 
-5.250000e+00 -5.308194e+00 
-5.240000e+00 -5.298679e+00 
-5.230000e+00 -5.289165e+00 
-5.220000e+00 -5.279651e+00 
-5.210000e+00 -5.270139e+00 
-5.200000e+00 -5.260627e+00 
-5.190000e+00 -5.251116e+00 
-5.180000e+00 -5.241606e+00 
-5.170000e+00 -5.232096e+00 
-5.160000e+00 -5.222587e+00 
-5.150000e+00 -5.213079e+00 
-5.140000e+00 -5.203572e+00 
-5.130000e+00 -5.194066e+00 
-5.120000e+00 -5.184560e+00 
-5.110000e+00 -5.175055e+00 
-5.100000e+00 -5.165551e+00 
-5.090000e+00 -5.156048e+00 
-5.080000e+00 -5.146545e+00 
-5.070000e+00 -5.137043e+00 
-5.060000e+00 -5.127542e+00 
-5.050000e+00 -5.118042e+00 
-5.040000e+00 -5.108542e+00 
-5.030000e+00 -5.099043e+00 
-5.020000e+00 -5.089545e+00 
-5.010000e+00 -5.080048e+00 
-5.000000e+00 -5.070552e+00 
-4.990000e+00 -5.061056e+00 
-4.980000e+00 -5.051561e+00 
-4.970000e+00 -5.042067e+00 
-4.960000e+00 -5.032574e+00 
-4.950000e+00 -5.023081e+00 
-4.940000e+00 -5.013590e+00 
-4.930000e+00 -5.004099e+00 
-4.920000e+00 -4.994608e+00 
-4.910000e+00 -4.985119e+00 
-4.900000e+00 -4.975630e+00 
-4.890000e+00 -4.966143e+00 
-4.880000e+00 -4.956656e+00 
-4.870000e+00 -4.947169e+00 
-4.860000e+00 -4.937684e+00 
-4.850000e+00 -4.928199e+00 
-4.840000e+00 -4.918716e+00 
-4.830000e+00 -4.909233e+00 
-4.820000e+00 -4.899750e+00 
-4.810000e+00 -4.890269e+00 
-4.800000e+00 -4.880788e+00 
-4.790000e+00 -4.871308e+00 
-4.780000e+00 -4.861829e+00 
-4.770000e+00 -4.852351e+00 
-4.760000e+00 -4.842874e+00 
-4.750000e+00 -4.833397e+00 
-4.740000e+00 -4.823921e+00 
-4.730000e+00 -4.814446e+00 
-4.720000e+00 -4.804972e+00 
-4.710000e+00 -4.795498e+00 
-4.700000e+00 -4.786026e+00 
-4.690000e+00 -4.776554e+00 
-4.680000e+00 -4.767083e+00 
-4.670000e+00 -4.757613e+00 
-4.660000e+00 -4.748144e+00 
-4.650000e+00 -4.738675e+00 
-4.640000e+00 -4.729207e+00 
-4.630000e+00 -4.719740e+00 
-4.620000e+00 -4.710274e+00 
-4.610000e+00 -4.700809e+00 
-4.600000e+00 -4.691344e+00 
-4.590000e+00 -4.681881e+00 
-4.580000e+00 -4.672418e+00 
-4.570000e+00 -4.662956e+00 
-4.560000e+00 -4.653495e+00 
-4.550000e+00 -4.644034e+00 
-4.540000e+00 -4.634575e+00 
-4.530000e+00 -4.625116e+00 
-4.520000e+00 -4.615658e+00 
-4.510000e+00 -4.606201e+00 
-4.500000e+00 -4.596745e+00 
-4.490000e+00 -4.587289e+00 
-4.480000e+00 -4.577835e+00 
-4.470000e+00 -4.568381e+00 
-4.460000e+00 -4.558928e+00 
-4.450000e+00 -4.549476e+00 
-4.440000e+00 -4.540025e+00 
-4.430000e+00 -4.530574e+00 
-4.420000e+00 -4.521125e+00 
-4.410000e+00 -4.511676e+00 
-4.400000e+00 -4.502228e+00 
-4.390000e+00 -4.492781e+00 
-4.380000e+00 -4.483334e+00 
-4.370000e+00 -4.473889e+00 
-4.360000e+00 -4.464444e+00 
-4.350000e+00 -4.455001e+00 
-4.340000e+00 -4.445558e+00 
-4.330000e+00 -4.436116e+00 
-4.320000e+00 -4.426674e+00 
-4.310000e+00 -4.417234e+00 
-4.300000e+00 -4.407794e+00 
-4.290000e+00 -4.398356e+00 
-4.280000e+00 -4.388918e+00 
-4.270000e+00 -4.379481e+00 
-4.260000e+00 -4.370045e+00 
-4.250000e+00 -4.360609e+00 
-4.240000e+00 -4.351175e+00 
-4.230000e+00 -4.341741e+00 
-4.220000e+00 -4.332309e+00 
-4.210000e+00 -4.322877e+00 
-4.200000e+00 -4.313446e+00 
-4.190000e+00 -4.304015e+00 
-4.180000e+00 -4.294586e+00 
-4.170000e+00 -4.285158e+00 
-4.160000e+00 -4.275730e+00 
-4.150000e+00 -4.266303e+00 
-4.140000e+00 -4.256877e+00 
-4.130000e+00 -4.247452e+00 
-4.120000e+00 -4.238028e+00 
-4.110000e+00 -4.228605e+00 
-4.100000e+00 -4.219182e+00 
-4.090000e+00 -4.209760e+00 
-4.080000e+00 -4.200340e+00 
-4.070000e+00 -4.190920e+00 
-4.060000e+00 -4.181501e+00 
-4.050000e+00 -4.172083e+00 
-4.040000e+00 -4.162665e+00 
-4.030000e+00 -4.153249e+00 
-4.020000e+00 -4.143833e+00 
-4.010000e+00 -4.134418e+00 
-4.000000e+00 -4.125005e+00 
-3.990000e+00 -4.115592e+00 
-3.980000e+00 -4.106180e+00 
-3.970000e+00 -4.096768e+00 
-3.960000e+00 -4.087358e+00 
-3.950000e+00 -4.077949e+00 
-3.940000e+00 -4.068540e+00 
-3.930000e+00 -4.059132e+00 
-3.920000e+00 -4.049725e+00 
-3.910000e+00 -4.040319e+00 
-3.900000e+00 -4.030914e+00 
-3.890000e+00 -4.021510e+00 
-3.880000e+00 -4.012107e+00 
-3.870000e+00 -4.002704e+00 
-3.860000e+00 -3.993303e+00 
-3.850000e+00 -3.983902e+00 
-3.840000e+00 -3.974502e+00 
-3.830000e+00 -3.965103e+00 
-3.820000e+00 -3.955705e+00 
-3.810000e+00 -3.946308e+00 
-3.800000e+00 -3.936912e+00 
-3.790000e+00 -3.927516e+00 
-3.780000e+00 -3.918122e+00 
-3.770000e+00 -3.908728e+00 
-3.760000e+00 -3.899336e+00 
-3.750000e+00 -3.889944e+00 
-3.740000e+00 -3.880553e+00 
-3.730000e+00 -3.871163e+00 
-3.720000e+00 -3.861774e+00 
-3.710000e+00 -3.852385e+00 
-3.700000e+00 -3.842998e+00 
-3.690000e+00 -3.833611e+00 
-3.680000e+00 -3.824226e+00 
-3.670000e+00 -3.814841e+00 
-3.660000e+00 -3.805457e+00 
-3.650000e+00 -3.796075e+00 
-3.640000e+00 -3.786693e+00 
-3.630000e+00 -3.777311e+00 
-3.620000e+00 -3.767931e+00 
-3.610000e+00 -3.758552e+00 
-3.600000e+00 -3.749174e+00 
-3.590000e+00 -3.739796e+00 
-3.580000e+00 -3.730420e+00 
-3.570000e+00 -3.721044e+00 
-3.560000e+00 -3.711669e+00 
-3.550000e+00 -3.702295e+00 
-3.540000e+00 -3.692922e+00 
-3.530000e+00 -3.683550e+00 
-3.520000e+00 -3.674179e+00 
-3.510000e+00 -3.664809e+00 
-3.500000e+00 -3.655440e+00 
-3.490000e+00 -3.646071e+00 
-3.480000e+00 -3.636704e+00 
-3.470000e+00 -3.627337e+00 
-3.460000e+00 -3.617972e+00 
-3.450000e+00 -3.608607e+00 
-3.440000e+00 -3.599243e+00 
-3.430000e+00 -3.589880e+00 
-3.420000e+00 -3.580518e+00 
-3.410000e+00 -3.571157e+00 
-3.400000e+00 -3.561797e+00 
-3.390000e+00 -3.552438e+00 
-3.380000e+00 -3.543079e+00 
-3.370000e+00 -3.533722e+00 
-3.360000e+00 -3.524366e+00 
-3.350000e+00 -3.515010e+00 
-3.340000e+00 -3.505655e+00 
-3.330000e+00 -3.496302e+00 
-3.320000e+00 -3.486949e+00 
-3.310000e+00 -3.477597e+00 
-3.300000e+00 -3.468246e+00 
-3.290000e+00 -3.458896e+00 
-3.280000e+00 -3.449547e+00 
-3.270000e+00 -3.440199e+00 
-3.260000e+00 -3.430852e+00 
-3.250000e+00 -3.421505e+00 
-3.240000e+00 -3.412160e+00 
-3.230000e+00 -3.402816e+00 
-3.220000e+00 -3.393472e+00 
-3.210000e+00 -3.384130e+00 
-3.200000e+00 -3.374788e+00 
-3.190000e+00 -3.365447e+00 
-3.180000e+00 -3.356108e+00 
-3.170000e+00 -3.346769e+00 
-3.160000e+00 -3.337431e+00 
-3.150000e+00 -3.328094e+00 
-3.140000e+00 -3.318758e+00 
-3.130000e+00 -3.309423e+00 
-3.120000e+00 -3.300089e+00 
-3.110000e+00 -3.290756e+00 
-3.100000e+00 -3.281424e+00 
-3.090000e+00 -3.272092e+00 
-3.080000e+00 -3.262762e+00 
-3.070000e+00 -3.253433e+00 
-3.060000e+00 -3.244104e+00 
-3.050000e+00 -3.234777e+00 
-3.040000e+00 -3.225450e+00 
-3.030000e+00 -3.216125e+00 
-3.020000e+00 -3.206800e+00 
-3.010000e+00 -3.197476e+00 
-3.000000e+00 -3.188154e+00 
-2.990000e+00 -3.178832e+00 
-2.980000e+00 -3.169511e+00 
-2.970000e+00 -3.160191e+00 
-2.960000e+00 -3.150872e+00 
-2.950000e+00 -3.141554e+00 
-2.940000e+00 -3.132237e+00 
-2.930000e+00 -3.122921e+00 
-2.920000e+00 -3.113606e+00 
-2.910000e+00 -3.104292e+00 
-2.900000e+00 -3.094979e+00 
-2.890000e+00 -3.085667e+00 
-2.880000e+00 -3.076356e+00 
-2.870000e+00 -3.067045e+00 
-2.860000e+00 -3.057736e+00 
-2.850000e+00 -3.048428e+00 
-2.840000e+00 -3.039120e+00 
-2.830000e+00 -3.029814e+00 
-2.820000e+00 -3.020508e+00 
-2.810000e+00 -3.011204e+00 
-2.800000e+00 -3.001900e+00 
-2.790000e+00 -2.992598e+00 
-2.780000e+00 -2.983296e+00 
-2.770000e+00 -2.973996e+00 
-2.760000e+00 -2.964696e+00 
-2.750000e+00 -2.955397e+00 
-2.740000e+00 -2.946100e+00 
-2.730000e+00 -2.936803e+00 
-2.720000e+00 -2.927507e+00 
-2.710000e+00 -2.918212e+00 
-2.700000e+00 -2.908919e+00 
-2.690000e+00 -2.899626e+00 
-2.680000e+00 -2.890334e+00 
-2.670000e+00 -2.881043e+00 
-2.660000e+00 -2.871753e+00 
-2.650000e+00 -2.862464e+00 
-2.640000e+00 -2.853176e+00 
-2.630000e+00 -2.843889e+00 
-2.620000e+00 -2.834603e+00 
-2.610000e+00 -2.825318e+00 
-2.600000e+00 -2.816034e+00 
-2.590000e+00 -2.806751e+00 
-2.580000e+00 -2.797469e+00 
-2.570000e+00 -2.788188e+00 
-2.560000e+00 -2.778908e+00 
-2.550000e+00 -2.769629e+00 
-2.540000e+00 -2.760351e+00 
-2.530000e+00 -2.751074e+00 
-2.520000e+00 -2.741798e+00 
-2.510000e+00 -2.732523e+00 
-2.500000e+00 -2.723249e+00 
-2.490000e+00 -2.713976e+00 
-2.480000e+00 -2.704703e+00 
-2.470000e+00 -2.695432e+00 
-2.460000e+00 -2.686162e+00 
-2.450000e+00 -2.676893e+00 
-2.440000e+00 -2.667625e+00 
-2.430000e+00 -2.658358e+00 
-2.420000e+00 -2.649092e+00 
-2.410000e+00 -2.639826e+00 
-2.400000e+00 -2.630562e+00 
-2.390000e+00 -2.621299e+00 
-2.380000e+00 -2.612037e+00 
-2.370000e+00 -2.602776e+00 
-2.360000e+00 -2.593516e+00 
-2.350000e+00 -2.584257e+00 
-2.340000e+00 -2.574998e+00 
-2.330000e+00 -2.565741e+00 
-2.320000e+00 -2.556485e+00 
-2.310000e+00 -2.547230e+00 
-2.300000e+00 -2.537976e+00 
-2.290000e+00 -2.528723e+00 
-2.280000e+00 -2.519471e+00 
-2.270000e+00 -2.510220e+00 
-2.260000e+00 -2.500970e+00 
-2.250000e+00 -2.491721e+00 
-2.240000e+00 -2.482473e+00 
-2.230000e+00 -2.473226e+00 
-2.220000e+00 -2.463980e+00 
-2.210000e+00 -2.454735e+00 
-2.200000e+00 -2.445491e+00 
-2.190000e+00 -2.436248e+00 
-2.180000e+00 -2.427006e+00 
-2.170000e+00 -2.417765e+00 
-2.160000e+00 -2.408525e+00 
-2.150000e+00 -2.399286e+00 
-2.140000e+00 -2.390048e+00 
-2.130000e+00 -2.380811e+00 
-2.120000e+00 -2.371576e+00 
-2.110000e+00 -2.362341e+00 
-2.100000e+00 -2.353107e+00 
-2.090000e+00 -2.343874e+00 
-2.080000e+00 -2.334643e+00 
-2.070000e+00 -2.325412e+00 
-2.060000e+00 -2.316182e+00 
-2.050000e+00 -2.306954e+00 
-2.040000e+00 -2.297726e+00 
-2.030000e+00 -2.288499e+00 
-2.020000e+00 -2.279274e+00 
-2.010000e+00 -2.270049e+00 
-2.000000e+00 -2.260826e+00 
-1.990000e+00 -2.251603e+00 
-1.980000e+00 -2.242382e+00 
-1.970000e+00 -2.233162e+00 
-1.960000e+00 -2.223942e+00 
-1.950000e+00 -2.214724e+00 
-1.940000e+00 -2.205507e+00 
-1.930000e+00 -2.196291e+00 
-1.920000e+00 -2.187075e+00 
-1.910000e+00 -2.177861e+00 
-1.900000e+00 -2.168648e+00 
-1.890000e+00 -2.159436e+00 
-1.880000e+00 -2.150225e+00 
-1.870000e+00 -2.141015e+00 
-1.860000e+00 -2.131806e+00 
-1.850000e+00 -2.122598e+00 
-1.840000e+00 -2.113392e+00 
-1.830000e+00 -2.104186e+00 
-1.820000e+00 -2.094981e+00 
-1.810000e+00 -2.085777e+00 
-1.800000e+00 -2.076575e+00 
-1.790000e+00 -2.067373e+00 
-1.780000e+00 -2.058173e+00 
-1.770000e+00 -2.048973e+00 
-1.760000e+00 -2.039775e+00 
-1.750000e+00 -2.030577e+00 
-1.740000e+00 -2.021381e+00 
-1.730000e+00 -2.012186e+00 
-1.720000e+00 -2.002991e+00 
-1.710000e+00 -1.993798e+00 
-1.700000e+00 -1.984606e+00 
-1.690000e+00 -1.975415e+00 
-1.680000e+00 -1.966225e+00 
-1.670000e+00 -1.957036e+00 
-1.660000e+00 -1.947848e+00 
-1.650000e+00 -1.938661e+00 
-1.640000e+00 -1.929476e+00 
-1.630000e+00 -1.920291e+00 
-1.620000e+00 -1.911107e+00 
-1.610000e+00 -1.901925e+00 
-1.600000e+00 -1.892743e+00 
-1.590000e+00 -1.883563e+00 
-1.580000e+00 -1.874384e+00 
-1.570000e+00 -1.865205e+00 
-1.560000e+00 -1.856028e+00 
-1.550000e+00 -1.846852e+00 
-1.540000e+00 -1.837677e+00 
-1.530000e+00 -1.828503e+00 
-1.520000e+00 -1.819330e+00 
-1.510000e+00 -1.810158e+00 
-1.500000e+00 -1.800987e+00 
-1.490000e+00 -1.791817e+00 
-1.480000e+00 -1.782649e+00 
-1.470000e+00 -1.773481e+00 
-1.460000e+00 -1.764315e+00 
-1.450000e+00 -1.755149e+00 
-1.440000e+00 -1.745985e+00 
-1.430000e+00 -1.736822e+00 
-1.420000e+00 -1.727660e+00 
-1.410000e+00 -1.718499e+00 
-1.400000e+00 -1.709339e+00 
-1.390000e+00 -1.700180e+00 
-1.380000e+00 -1.691022e+00 
-1.370000e+00 -1.681865e+00 
-1.360000e+00 -1.672709e+00 
-1.350000e+00 -1.663555e+00 
-1.340000e+00 -1.654401e+00 
-1.330000e+00 -1.645249e+00 
-1.320000e+00 -1.636097e+00 
-1.310000e+00 -1.626947e+00 
-1.300000e+00 -1.617798e+00 
-1.290000e+00 -1.608650e+00 
-1.280000e+00 -1.599503e+00 
-1.270000e+00 -1.590357e+00 
-1.260000e+00 -1.581212e+00 
-1.250000e+00 -1.572069e+00 
-1.240000e+00 -1.562926e+00 
-1.230000e+00 -1.553785e+00 
-1.220000e+00 -1.544644e+00 
-1.210000e+00 -1.535505e+00 
-1.200000e+00 -1.526367e+00 
-1.190000e+00 -1.517230e+00 
-1.180000e+00 -1.508094e+00 
-1.170000e+00 -1.498959e+00 
-1.160000e+00 -1.489825e+00 
-1.150000e+00 -1.480692e+00 
-1.140000e+00 -1.471561e+00 
-1.130000e+00 -1.462430e+00 
-1.120000e+00 -1.453301e+00 
-1.110000e+00 -1.444173e+00 
-1.100000e+00 -1.435045e+00 
-1.090000e+00 -1.425919e+00 
-1.080000e+00 -1.416794e+00 
-1.070000e+00 -1.407671e+00 
-1.060000e+00 -1.398548e+00 
-1.050000e+00 -1.389426e+00 
-1.040000e+00 -1.380306e+00 
-1.030000e+00 -1.371186e+00 
-1.020000e+00 -1.362068e+00 
-1.010000e+00 -1.352951e+00 
-1.000000e+00 -1.343835e+00 
-9.900000e-01 -1.334720e+00 
-9.800000e-01 -1.325606e+00 
-9.700000e-01 -1.316493e+00 
-9.600000e-01 -1.307382e+00 
-9.500000e-01 -1.298271e+00 
-9.400000e-01 -1.289162e+00 
-9.300000e-01 -1.280054e+00 
-9.200000e-01 -1.270947e+00 
-9.100000e-01 -1.261841e+00 
-9.000000e-01 -1.252736e+00 
-8.900000e-01 -1.243632e+00 
-8.800000e-01 -1.234529e+00 
-8.700000e-01 -1.225428e+00 
-8.600000e-01 -1.216327e+00 
-8.500000e-01 -1.207228e+00 
-8.400000e-01 -1.198130e+00 
-8.300000e-01 -1.189033e+00 
-8.200000e-01 -1.179937e+00 
-8.100000e-01 -1.170843e+00 
-8.000000e-01 -1.161749e+00 
-7.900000e-01 -1.152656e+00 
-7.800000e-01 -1.143565e+00 
-7.700000e-01 -1.134475e+00 
-7.600000e-01 -1.125386e+00 
-7.500000e-01 -1.116298e+00 
-7.400000e-01 -1.107211e+00 
-7.300000e-01 -1.098126e+00 
-7.200000e-01 -1.089041e+00 
-7.100000e-01 -1.079958e+00 
-7.000000e-01 -1.070875e+00 
-6.900000e-01 -1.061794e+00 
-6.800000e-01 -1.052714e+00 
-6.700000e-01 -1.043636e+00 
-6.600000e-01 -1.034558e+00 
-6.500000e-01 -1.025481e+00 
-6.400000e-01 -1.016406e+00 
-6.300000e-01 -1.007332e+00 
-6.200000e-01 -9.982588e-01 
-6.100000e-01 -9.891868e-01 
-6.000000e-01 -9.801160e-01 
-5.900000e-01 -9.710464e-01 
-5.800000e-01 -9.619779e-01 
-5.700000e-01 -9.529106e-01 
-5.600000e-01 -9.438444e-01 
-5.500000e-01 -9.347794e-01 
-5.400000e-01 -9.257155e-01 
-5.300000e-01 -9.166528e-01 
-5.200000e-01 -9.075912e-01 
-5.100000e-01 -8.985308e-01 
-5.000000e-01 -8.894715e-01 
-4.900000e-01 -8.804134e-01 
-4.800000e-01 -8.713565e-01 
-4.700000e-01 -8.623007e-01 
-4.600000e-01 -8.532460e-01 
-4.500000e-01 -8.441926e-01 
-4.400000e-01 -8.351403e-01 
-4.300000e-01 -8.260891e-01 
-4.200000e-01 -8.170391e-01 
-4.100000e-01 -8.079903e-01 
-4.000000e-01 -7.989427e-01 
-3.900000e-01 -7.898962e-01 
-3.800000e-01 -7.808509e-01 
-3.700000e-01 -7.718067e-01 
-3.600000e-01 -7.627637e-01 
-3.500000e-01 -7.537219e-01 
-3.400000e-01 -7.446813e-01 
-3.300000e-01 -7.356418e-01 
-3.200000e-01 -7.266035e-01 
-3.100000e-01 -7.175664e-01 
-3.000000e-01 -7.085304e-01 
-2.900000e-01 -6.994956e-01 
-2.800000e-01 -6.904620e-01 
-2.700000e-01 -6.814296e-01 
-2.600000e-01 -6.723983e-01 
-2.500000e-01 -6.633682e-01 
-2.400000e-01 -6.543393e-01 
-2.300000e-01 -6.453116e-01 
-2.200000e-01 -6.362850e-01 
-2.100000e-01 -6.272597e-01 
-2.000000e-01 -6.182355e-01 
-1.900000e-01 -6.092125e-01 
-1.800000e-01 -6.001907e-01 
-1.700000e-01 -5.911700e-01 
-1.600000e-01 -5.821506e-01 
-1.500000e-01 -5.731323e-01 
-1.400000e-01 -5.641152e-01 
-1.300000e-01 -5.550994e-01 
-1.200000e-01 -5.460846e-01 
-1.100000e-01 -5.370711e-01 
-1.000000e-01 -5.280588e-01 
-9.000000e-02 -5.190477e-01 
-8.000000e-02 -5.100377e-01 
-7.000000e-02 -5.010290e-01 
-6.000000e-02 -4.920214e-01 
-5.000000e-02 -4.830151e-01 
-4.000000e-02 -4.740099e-01 
-3.000000e-02 -4.650059e-01 
-2.000000e-02 -4.560031e-01 
-1.000000e-02 -4.470016e-01 
-2.967869e-13 -4.380012e-01 
 1.000000e-02 -4.290020e-01 
 2.000000e-02 -4.200040e-01 
 3.000000e-02 -4.110072e-01 
 4.000000e-02 -4.020116e-01 
 5.000000e-02 -3.930173e-01 
 6.000000e-02 -3.840241e-01 
 7.000000e-02 -3.750321e-01 
 8.000000e-02 -3.660413e-01 
 9.000000e-02 -3.570518e-01 
 1.000000e-01 -3.480634e-01 
 1.100000e-01 -3.390763e-01 
 1.200000e-01 -3.300903e-01 
 1.300000e-01 -3.211056e-01 
 1.400000e-01 -3.121221e-01 
 1.500000e-01 -3.031398e-01 
 1.600000e-01 -2.941587e-01 
 1.700000e-01 -2.851788e-01 
 1.800000e-01 -2.762001e-01 
 1.900000e-01 -2.672226e-01 
 2.000000e-01 -2.582464e-01 
 2.100000e-01 -2.492714e-01 
 2.200000e-01 -2.402975e-01 
 2.300000e-01 -2.313249e-01 
 2.400000e-01 -2.223536e-01 
 2.500000e-01 -2.133834e-01 
 2.600000e-01 -2.044145e-01 
 2.700000e-01 -1.954467e-01 
 2.800000e-01 -1.864802e-01 
 2.900000e-01 -1.775150e-01 
 3.000000e-01 -1.685509e-01 
 3.100000e-01 -1.595881e-01 
 3.200000e-01 -1.506265e-01 
 3.300000e-01 -1.416661e-01 
 3.400000e-01 -1.327070e-01 
 3.500000e-01 -1.237490e-01 
 3.600000e-01 -1.147923e-01 
 3.700000e-01 -1.058369e-01 
 3.800000e-01 -9.688263e-02 
 3.900000e-01 -8.792963e-02 
 4.000000e-01 -7.897785e-02 
 4.100000e-01 -7.002731e-02 
 4.200000e-01 -6.107800e-02 
 4.300000e-01 -5.212992e-02 
 4.400000e-01 -4.318308e-02 
 4.500000e-01 -3.423748e-02 
 4.600000e-01 -2.529311e-02 
 4.700000e-01 -1.634998e-02 
 4.800000e-01 -7.408086e-03 
 4.900000e-01  1.532568e-03 
 5.000000e-01  1.047198e-02 
 5.100000e-01  1.941015e-02 
 5.200000e-01  2.834584e-02 
 5.300000e-01  3.728277e-02 
 5.400000e-01  4.621722e-02 
 5.500000e-01  5.515042e-02 
 5.600000e-01  6.408238e-02 
 5.700000e-01  7.301309e-02 
 5.800000e-01  8.194255e-02 
 5.900000e-01  9.087077e-02 
 6.000000e-01  9.979774e-02 
 6.100000e-01  1.087235e-01 
 6.200000e-01  1.176479e-01 
 6.300000e-01  1.265711e-01 
 6.400000e-01  1.354931e-01 
 6.500000e-01  1.444138e-01 
 6.600000e-01  1.533333e-01 
 6.700000e-01  1.622515e-01 
 6.800000e-01  1.711684e-01 
 6.900000e-01  1.800841e-01 
 7.000000e-01  1.889986e-01 
 7.100000e-01  1.979118e-01 
 7.200000e-01  2.068237e-01 
 7.300000e-01  2.157343e-01 
 7.400000e-01  2.246437e-01 
 7.500000e-01  2.335519e-01 
 7.600000e-01  2.424588e-01 
 7.700000e-01  2.513644e-01 
 7.800000e-01  2.602687e-01 
 7.900000e-01  2.691718e-01 
 8.000000e-01  2.780737e-01 
 8.100000e-01  2.869742e-01 
 8.200000e-01  2.958735e-01 
 8.300000e-01  3.047715e-01 
 8.400000e-01  3.136683e-01 
 8.500000e-01  3.225638e-01 
 8.600000e-01  3.314580e-01 
 8.700000e-01  3.403509e-01 
 8.800000e-01  3.492426e-01 
 8.900000e-01  3.581330e-01 
 9.000000e-01  3.670221e-01 
 9.100000e-01  3.759100e-01 
 9.200000e-01  3.847966e-01 
 9.300000e-01  3.936819e-01 
 9.400000e-01  4.025659e-01 
 9.500000e-01  4.114486e-01 
 9.600000e-01  4.203301e-01 
 9.700000e-01  4.292103e-01 
 9.800000e-01  4.380892e-01 
 9.900000e-01  4.469668e-01 
 1.000000e+00  4.558432e-01 
 1.010000e+00  4.647182e-01 
 1.020000e+00  4.735920e-01 
 1.030000e+00  4.824645e-01 
 1.040000e+00  4.913357e-01 
 1.050000e+00  5.002057e-01 
 1.060000e+00  5.090743e-01 
 1.070000e+00  5.179416e-01 
 1.080000e+00  5.268077e-01 
 1.090000e+00  5.356725e-01 
 1.100000e+00  5.445360e-01 
 1.110000e+00  5.533981e-01 
 1.120000e+00  5.622590e-01 
 1.130000e+00  5.711186e-01 
 1.140000e+00  5.799770e-01 
 1.150000e+00  5.888340e-01 
 1.160000e+00  5.976897e-01 
 1.170000e+00  6.065441e-01 
 1.180000e+00  6.153972e-01 
 1.190000e+00  6.242491e-01 
 1.200000e+00  6.330996e-01 
 1.210000e+00  6.419488e-01 
 1.220000e+00  6.507968e-01 
 1.230000e+00  6.596434e-01 
 1.240000e+00  6.684887e-01 
 1.250000e+00  6.773327e-01 
 1.260000e+00  6.861755e-01 
 1.270000e+00  6.950169e-01 
 1.280000e+00  7.038570e-01 
 1.290000e+00  7.126958e-01 
 1.300000e+00  7.215318e-01 
 1.310000e+00  7.303695e-01 
 1.320000e+00  7.392043e-01 
 1.330000e+00  7.480379e-01 
 1.340000e+00  7.568702e-01 
 1.350000e+00  7.657011e-01 
 1.360000e+00  7.745308e-01 
 1.370000e+00  7.833591e-01 
 1.380000e+00  7.921846e-01 
 1.390000e+00  8.010118e-01 
 1.400000e+00  8.098362e-01 
 1.410000e+00  8.186592e-01 
 1.420000e+00  8.274810e-01 
 1.430000e+00  8.363014e-01 
 1.440000e+00  8.451205e-01 
 1.450000e+00  8.539383e-01 
 1.460000e+00  8.627548e-01 
 1.470000e+00  8.715699e-01 
 1.480000e+00  8.803837e-01 
 1.490000e+00  8.891962e-01 
 1.500000e+00  8.980074e-01 
 1.510000e+00  9.068172e-01 
 1.520000e+00  9.156258e-01 
 1.530000e+00  9.244330e-01 
 1.540000e+00  9.332388e-01 
 1.550000e+00  9.420434e-01 
 1.560000e+00  9.508466e-01 
 1.570000e+00  9.596485e-01 
 1.580000e+00  9.684490e-01 
 1.590000e+00  9.772483e-01 
 1.600000e+00  9.860461e-01 
 1.610000e+00  9.948427e-01 
 1.620000e+00  1.003638e+00 
 1.630000e+00  1.012432e+00 
 1.640000e+00  1.021224e+00 
 1.650000e+00  1.030016e+00 
 1.660000e+00  1.038805e+00 
 1.670000e+00  1.047594e+00 
 1.680000e+00  1.056381e+00 
 1.690000e+00  1.065167e+00 
 1.700000e+00  1.073952e+00 
 1.710000e+00  1.082735e+00 
 1.720000e+00  1.091517e+00 
 1.730000e+00  1.100297e+00 
 1.740000e+00  1.109076e+00 
 1.750000e+00  1.117854e+00 
 1.760000e+00  1.126630e+00 
 1.770000e+00  1.135406e+00 
 1.780000e+00  1.144179e+00 
 1.790000e+00  1.152952e+00 
 1.800000e+00  1.161723e+00 
 1.810000e+00  1.170493e+00 
 1.820000e+00  1.179261e+00 
 1.830000e+00  1.188028e+00 
 1.840000e+00  1.196794e+00 
 1.850000e+00  1.205558e+00 
 1.860000e+00  1.214321e+00 
 1.870000e+00  1.223082e+00 
 1.880000e+00  1.231843e+00 
 1.890000e+00  1.240602e+00 
 1.900000e+00  1.249359e+00 
 1.910000e+00  1.258115e+00 
 1.920000e+00  1.266870e+00 
 1.930000e+00  1.275624e+00 
 1.940000e+00  1.284376e+00 
 1.950000e+00  1.293126e+00 
 1.960000e+00  1.301876e+00 
 1.970000e+00  1.310624e+00 
 1.980000e+00  1.319370e+00 
 1.990000e+00  1.328116e+00 
 2.000000e+00  1.336860e+00 
 2.010000e+00  1.345602e+00 
 2.020000e+00  1.354343e+00 
 2.030000e+00  1.363083e+00 
 2.040000e+00  1.371821e+00 
 2.050000e+00  1.380559e+00 
 2.060000e+00  1.389294e+00 
 2.070000e+00  1.398029e+00 
 2.080000e+00  1.406761e+00 
 2.090000e+00  1.415493e+00 
 2.100000e+00  1.424223e+00 
 2.110000e+00  1.432952e+00 
 2.120000e+00  1.441680e+00 
 2.130000e+00  1.450406e+00 
 2.140000e+00  1.459130e+00 
 2.150000e+00  1.467854e+00 
 2.160000e+00  1.476576e+00 
 2.170000e+00  1.485296e+00 
 2.180000e+00  1.494015e+00 
 2.190000e+00  1.502733e+00 
 2.200000e+00  1.511449e+00 
 2.210000e+00  1.520164e+00 
 2.220000e+00  1.528878e+00 
 2.230000e+00  1.537590e+00 
 2.240000e+00  1.546301e+00 
 2.250000e+00  1.555011e+00 
 2.260000e+00  1.563719e+00 
 2.270000e+00  1.572426e+00 
 2.280000e+00  1.581131e+00 
 2.290000e+00  1.589835e+00 
 2.300000e+00  1.598537e+00 
 2.310000e+00  1.607238e+00 
 2.320000e+00  1.615938e+00 
 2.330000e+00  1.624637e+00 
 2.340000e+00  1.633334e+00 
 2.350000e+00  1.642029e+00 
 2.360000e+00  1.650723e+00 
 2.370000e+00  1.659416e+00 
 2.380000e+00  1.668107e+00 
 2.390000e+00  1.676797e+00 
 2.400000e+00  1.685486e+00 
 2.410000e+00  1.694173e+00 
 2.420000e+00  1.702859e+00 
 2.430000e+00  1.711543e+00 
 2.440000e+00  1.720226e+00 
 2.450000e+00  1.728908e+00 
 2.460000e+00  1.737588e+00 
 2.470000e+00  1.746267e+00 
 2.480000e+00  1.754944e+00 
 2.490000e+00  1.763620e+00 
 2.500000e+00  1.772295e+00 
 2.510000e+00  1.780968e+00 
 2.520000e+00  1.789639e+00 
 2.530000e+00  1.798310e+00 
 2.540000e+00  1.806979e+00 
 2.550000e+00  1.815646e+00 
 2.560000e+00  1.824312e+00 
 2.570000e+00  1.832977e+00 
 2.580000e+00  1.841640e+00 
 2.590000e+00  1.850302e+00 
 2.600000e+00  1.858962e+00 
 2.610000e+00  1.867621e+00 
 2.620000e+00  1.876279e+00 
 2.630000e+00  1.884935e+00 
 2.640000e+00  1.893590e+00 
 2.650000e+00  1.902243e+00 
 2.660000e+00  1.910895e+00 
 2.670000e+00  1.919546e+00 
 2.680000e+00  1.928195e+00 
 2.690000e+00  1.936842e+00 
 2.700000e+00  1.945489e+00 
 2.710000e+00  1.954133e+00 
 2.720000e+00  1.962777e+00 
 2.730000e+00  1.971419e+00 
 2.740000e+00  1.980059e+00 
 2.750000e+00  1.988698e+00 
 2.760000e+00  1.997336e+00 
 2.770000e+00  2.005972e+00 
 2.780000e+00  2.014607e+00 
 2.790000e+00  2.023240e+00 
 2.800000e+00  2.031872e+00 
 2.810000e+00  2.040503e+00 
 2.820000e+00  2.049132e+00 
 2.830000e+00  2.057759e+00 
 2.840000e+00  2.066385e+00 
 2.850000e+00  2.075010e+00 
 2.860000e+00  2.083633e+00 
 2.870000e+00  2.092255e+00 
 2.880000e+00  2.100876e+00 
 2.890000e+00  2.109495e+00 
 2.900000e+00  2.118112e+00 
 2.910000e+00  2.126728e+00 
 2.920000e+00  2.135343e+00 
 2.930000e+00  2.143956e+00 
 2.940000e+00  2.152568e+00 
 2.950000e+00  2.161178e+00 
 2.960000e+00  2.169787e+00 
 2.970000e+00  2.178395e+00 
 2.980000e+00  2.187001e+00 
 2.990000e+00  2.195605e+00 
 3.000000e+00  2.204208e+00 
 3.010000e+00  2.212810e+00 
 3.020000e+00  2.221410e+00 
 3.030000e+00  2.230009e+00 
 3.040000e+00  2.238606e+00 
 3.050000e+00  2.247202e+00 
 3.060000e+00  2.255796e+00 
 3.070000e+00  2.264389e+00 
 3.080000e+00  2.272981e+00 
 3.090000e+00  2.281571e+00 
 3.100000e+00  2.290159e+00 
 3.110000e+00  2.298747e+00 
 3.120000e+00  2.307332e+00 
 3.130000e+00  2.315916e+00 
 3.140000e+00  2.324499e+00 
 3.150000e+00  2.333080e+00 
 3.160000e+00  2.341660e+00 
 3.170000e+00  2.350238e+00 
 3.180000e+00  2.358815e+00 
 3.190000e+00  2.367391e+00 
 3.200000e+00  2.375965e+00 
 3.210000e+00  2.384537e+00 
 3.220000e+00  2.393108e+00 
 3.230000e+00  2.401678e+00 
 3.240000e+00  2.410246e+00 
 3.250000e+00  2.418812e+00 
 3.260000e+00  2.427377e+00 
 3.270000e+00  2.435941e+00 
 3.280000e+00  2.444503e+00 
 3.290000e+00  2.453064e+00 
 3.300000e+00  2.461623e+00 
 3.310000e+00  2.470181e+00 
 3.320000e+00  2.478737e+00 
 3.330000e+00  2.487292e+00 
 3.340000e+00  2.495845e+00 
 3.350000e+00  2.504397e+00 
 3.360000e+00  2.512948e+00 
 3.370000e+00  2.521497e+00 
 3.380000e+00  2.530044e+00 
 3.390000e+00  2.538590e+00 
 3.400000e+00  2.547134e+00 
 3.410000e+00  2.555677e+00 
 3.420000e+00  2.564219e+00 
 3.430000e+00  2.572759e+00 
 3.440000e+00  2.581297e+00 
 3.450000e+00  2.589834e+00 
 3.460000e+00  2.598370e+00 
 3.470000e+00  2.606904e+00 
 3.480000e+00  2.615436e+00 
 3.490000e+00  2.623968e+00 
 3.500000e+00  2.632497e+00 
 3.510000e+00  2.641025e+00 
 3.520000e+00  2.649552e+00 
 3.530000e+00  2.658077e+00 
 3.540000e+00  2.666601e+00 
 3.550000e+00  2.675123e+00 
 3.560000e+00  2.683643e+00 
 3.570000e+00  2.692162e+00 
 3.580000e+00  2.700680e+00 
 3.590000e+00  2.709196e+00 
 3.600000e+00  2.717711e+00 
 3.610000e+00  2.726224e+00 
 3.620000e+00  2.734736e+00 
 3.630000e+00  2.743246e+00 
 3.640000e+00  2.751754e+00 
 3.650000e+00  2.760262e+00 
 3.660000e+00  2.768767e+00 
 3.670000e+00  2.777271e+00 
 3.680000e+00  2.785774e+00 
 3.690000e+00  2.794275e+00 
 3.700000e+00  2.802775e+00 
 3.710000e+00  2.811273e+00 
 3.720000e+00  2.819769e+00 
 3.730000e+00  2.828264e+00 
 3.740000e+00  2.836758e+00 
 3.750000e+00  2.845250e+00 
 3.760000e+00  2.853741e+00 
 3.770000e+00  2.862230e+00 
 3.780000e+00  2.870717e+00 
 3.790000e+00  2.879203e+00 
 3.800000e+00  2.887688e+00 
 3.810000e+00  2.896171e+00 
 3.820000e+00  2.904652e+00 
 3.830000e+00  2.913132e+00 
 3.840000e+00  2.921611e+00 
 3.850000e+00  2.930087e+00 
 3.860000e+00  2.938563e+00 
 3.870000e+00  2.947037e+00 
 3.880000e+00  2.955509e+00 
 3.890000e+00  2.963980e+00 
 3.900000e+00  2.972449e+00 
 3.910000e+00  2.980917e+00 
 3.920000e+00  2.989383e+00 
 3.930000e+00  2.997848e+00 
 3.940000e+00  3.006311e+00 
 3.950000e+00  3.014773e+00 
 3.960000e+00  3.023233e+00 
 3.970000e+00  3.031692e+00 
 3.980000e+00  3.040149e+00 
 3.990000e+00  3.048604e+00 
 4.000000e+00  3.057058e+00 
 4.010000e+00  3.065511e+00 
 4.020000e+00  3.073962e+00 
 4.030000e+00  3.082411e+00 
 4.040000e+00  3.090859e+00 
 4.050000e+00  3.099306e+00 
 4.060000e+00  3.107750e+00 
 4.070000e+00  3.116194e+00 
 4.080000e+00  3.124636e+00 
 4.090000e+00  3.133076e+00 
 4.100000e+00  3.141514e+00 
 4.110000e+00  3.149952e+00 
 4.120000e+00  3.158387e+00 
 4.130000e+00  3.166821e+00 
 4.140000e+00  3.175254e+00 
 4.150000e+00  3.183685e+00 
 4.160000e+00  3.192114e+00 
 4.170000e+00  3.200542e+00 
 4.180000e+00  3.208969e+00 
 4.190000e+00  3.217393e+00 
 4.200000e+00  3.225817e+00 
 4.210000e+00  3.234238e+00 
 4.220000e+00  3.242658e+00 
 4.230000e+00  3.251077e+00 
 4.240000e+00  3.259494e+00 
 4.250000e+00  3.267910e+00 
 4.260000e+00  3.276324e+00 
 4.270000e+00  3.284736e+00 
 4.280000e+00  3.293147e+00 
 4.290000e+00  3.301556e+00 
 4.300000e+00  3.309964e+00 
 4.310000e+00  3.318370e+00 
 4.320000e+00  3.326775e+00 
 4.330000e+00  3.335178e+00 
 4.340000e+00  3.343579e+00 
 4.350000e+00  3.351979e+00 
 4.360000e+00  3.360378e+00 
 4.370000e+00  3.368775e+00 
 4.380000e+00  3.377170e+00 
 4.390000e+00  3.385564e+00 
 4.400000e+00  3.393956e+00 
 4.410000e+00  3.402346e+00 
 4.420000e+00  3.410735e+00 
 4.430000e+00  3.419123e+00 
 4.440000e+00  3.427509e+00 
 4.450000e+00  3.435893e+00 
 4.460000e+00  3.444276e+00 
 4.470000e+00  3.452657e+00 
 4.480000e+00  3.461037e+00 
 4.490000e+00  3.469415e+00 
 4.500000e+00  3.477791e+00 
 4.510000e+00  3.486166e+00 
 4.520000e+00  3.494540e+00 
 4.530000e+00  3.502911e+00 
 4.540000e+00  3.511282e+00 
 4.550000e+00  3.519650e+00 
 4.560000e+00  3.528017e+00 
 4.570000e+00  3.536383e+00 
 4.580000e+00  3.544747e+00 
 4.590000e+00  3.553109e+00 
 4.600000e+00  3.561470e+00 
 4.610000e+00  3.569829e+00 
 4.620000e+00  3.578186e+00 
 4.630000e+00  3.586542e+00 
 4.640000e+00  3.594897e+00 
 4.650000e+00  3.603250e+00 
 4.660000e+00  3.611601e+00 
 4.670000e+00  3.619951e+00 
 4.680000e+00  3.628299e+00 
 4.690000e+00  3.636645e+00 
 4.700000e+00  3.644990e+00 
 4.710000e+00  3.653333e+00 
 4.720000e+00  3.661675e+00 
 4.730000e+00  3.670015e+00 
 4.740000e+00  3.678354e+00 
 4.750000e+00  3.686691e+00 
 4.760000e+00  3.695026e+00 
 4.770000e+00  3.703360e+00 
 4.780000e+00  3.711692e+00 
 4.790000e+00  3.720023e+00 
 4.800000e+00  3.728352e+00 
 4.810000e+00  3.736679e+00 
 4.820000e+00  3.745005e+00 
 4.830000e+00  3.753329e+00 
 4.840000e+00  3.761652e+00 
 4.850000e+00  3.769973e+00 
 4.860000e+00  3.778293e+00 
 4.870000e+00  3.786610e+00 
 4.880000e+00  3.794927e+00 
 4.890000e+00  3.803241e+00 
 4.900000e+00  3.811554e+00 
 4.910000e+00  3.819866e+00 
 4.920000e+00  3.828176e+00 
 4.930000e+00  3.836484e+00 
 4.940000e+00  3.844790e+00 
 4.950000e+00  3.853096e+00 
 4.960000e+00  3.861399e+00 
 4.970000e+00  3.869701e+00 
 4.980000e+00  3.878001e+00 
 4.990000e+00  3.886300e+00 
 5.000000e+00  3.894597e+00 
 5.010000e+00  3.902892e+00 
 5.020000e+00  3.911186e+00 
 5.030000e+00  3.919478e+00 
 5.040000e+00  3.927768e+00 
 5.050000e+00  3.936057e+00 
 5.060000e+00  3.944345e+00 
 5.070000e+00  3.952630e+00 
 5.080000e+00  3.960914e+00 
 5.090000e+00  3.969197e+00 
 5.100000e+00  3.977478e+00 
 5.110000e+00  3.985757e+00 
 5.120000e+00  3.994034e+00 
 5.130000e+00  4.002310e+00 
 5.140000e+00  4.010585e+00 
 5.150000e+00  4.018858e+00 
 5.160000e+00  4.027129e+00 
 5.170000e+00  4.035398e+00 
 5.180000e+00  4.043666e+00 
 5.190000e+00  4.051932e+00 
 5.200000e+00  4.060197e+00 
 5.210000e+00  4.068460e+00 
 5.220000e+00  4.076721e+00 
 5.230000e+00  4.084981e+00 
 5.240000e+00  4.093239e+00 
 5.250000e+00  4.101496e+00 
 5.260000e+00  4.109751e+00 
 5.270000e+00  4.118004e+00 
 5.280000e+00  4.126256e+00 
 5.290000e+00  4.134506e+00 
 5.300000e+00  4.142754e+00 
 5.310000e+00  4.151001e+00 
 5.320000e+00  4.159246e+00 
 5.330000e+00  4.167489e+00 
 5.340000e+00  4.175731e+00 
 5.350000e+00  4.183971e+00 
 5.360000e+00  4.192210e+00 
 5.370000e+00  4.200447e+00 
 5.380000e+00  4.208682e+00 
 5.390000e+00  4.216916e+00 
 5.400000e+00  4.225148e+00 
 5.410000e+00  4.233378e+00 
 5.420000e+00  4.241607e+00 
 5.430000e+00  4.249834e+00 
 5.440000e+00  4.258059e+00 
 5.450000e+00  4.266283e+00 
 5.460000e+00  4.274505e+00 
 5.470000e+00  4.282726e+00 
 5.480000e+00  4.290944e+00 
 5.490000e+00  4.299162e+00 
 5.500000e+00  4.307377e+00 
 5.510000e+00  4.315591e+00 
 5.520000e+00  4.323803e+00 
 5.530000e+00  4.332014e+00 
 5.540000e+00  4.340223e+00 
 5.550000e+00  4.348430e+00 
 5.560000e+00  4.356636e+00 
 5.570000e+00  4.364840e+00 
 5.580000e+00  4.373042e+00 
 5.590000e+00  4.381243e+00 
 5.600000e+00  4.389442e+00 
 5.610000e+00  4.397639e+00 
 5.620000e+00  4.405835e+00 
 5.630000e+00  4.414029e+00 
 5.640000e+00  4.422222e+00 
 5.650000e+00  4.430412e+00 
 5.660000e+00  4.438601e+00 
 5.670000e+00  4.446789e+00 
 5.680000e+00  4.454975e+00 
 5.690000e+00  4.463159e+00 
 5.700000e+00  4.471341e+00 
 5.710000e+00  4.479522e+00 
 5.720000e+00  4.487701e+00 
 5.730000e+00  4.495879e+00 
 5.740000e+00  4.504054e+00 
 5.750000e+00  4.512229e+00 
 5.760000e+00  4.520401e+00 
 5.770000e+00  4.528572e+00 
 5.780000e+00  4.536741e+00 
 5.790000e+00  4.544908e+00 
 5.800000e+00  4.553074e+00 
 5.810000e+00  4.561238e+00 
 5.820000e+00  4.569401e+00 
 5.830000e+00  4.577562e+00 
 5.840000e+00  4.585721e+00 
 5.850000e+00  4.593878e+00 
 5.860000e+00  4.602034e+00 
 5.870000e+00  4.610188e+00 
 5.880000e+00  4.618341e+00 
 5.890000e+00  4.626491e+00 
 5.900000e+00  4.634640e+00 
 5.910000e+00  4.642788e+00 
 5.920000e+00  4.650933e+00 
 5.930000e+00  4.659077e+00 
 5.940000e+00  4.667220e+00 
 5.950000e+00  4.675361e+00 
 5.960000e+00  4.683500e+00 
 5.970000e+00  4.691637e+00 
 5.980000e+00  4.699772e+00 
 5.990000e+00  4.707906e+00 
 6.000000e+00  4.716039e+00 
 6.010000e+00  4.724169e+00 
 6.020000e+00  4.732298e+00 
 6.030000e+00  4.740425e+00 
 6.040000e+00  4.748551e+00 
 6.050000e+00  4.756675e+00 
 6.060000e+00  4.764797e+00 
 6.070000e+00  4.772917e+00 
 6.080000e+00  4.781036e+00 
 6.090000e+00  4.789153e+00 
 6.100000e+00  4.797269e+00 
 6.110000e+00  4.805382e+00 
 6.120000e+00  4.813494e+00 
 6.130000e+00  4.821605e+00 
 6.140000e+00  4.829713e+00 
 6.150000e+00  4.837820e+00 
 6.160000e+00  4.845925e+00 
 6.170000e+00  4.854029e+00 
 6.180000e+00  4.862131e+00 
 6.190000e+00  4.870231e+00 
 6.200000e+00  4.878329e+00 
 6.210000e+00  4.886426e+00 
 6.220000e+00  4.894521e+00 
 6.230000e+00  4.902614e+00 
 6.240000e+00  4.910706e+00 
 6.250000e+00  4.918796e+00 
 6.260000e+00  4.926884e+00 
 6.270000e+00  4.934971e+00 
 6.280000e+00  4.943056e+00 
 6.290000e+00  4.951139e+00 
 6.300000e+00  4.959220e+00 
 6.310000e+00  4.967300e+00 
 6.320000e+00  4.975378e+00 
 6.330000e+00  4.983454e+00 
 6.340000e+00  4.991529e+00 
 6.350000e+00  4.999602e+00 
 6.360000e+00  5.007673e+00 
 6.370000e+00  5.015742e+00 
 6.380000e+00  5.023810e+00 
 6.390000e+00  5.031876e+00 
 6.400000e+00  5.039941e+00 
 6.410000e+00  5.048003e+00 
 6.420000e+00  5.056064e+00 
 6.430000e+00  5.064123e+00 
 6.440000e+00  5.072181e+00 
 6.450000e+00  5.080237e+00 
 6.460000e+00  5.088291e+00 
 6.470000e+00  5.096343e+00 
 6.480000e+00  5.104394e+00 
 6.490000e+00  5.112442e+00 
 6.500000e+00  5.120490e+00 
 6.510000e+00  5.128535e+00 
 6.520000e+00  5.136579e+00 
 6.530000e+00  5.144621e+00 
 6.540000e+00  5.152661e+00 
 6.550000e+00  5.160700e+00 
 6.560000e+00  5.168737e+00 
 6.570000e+00  5.176772e+00 
 6.580000e+00  5.184805e+00 
 6.590000e+00  5.192837e+00 
 6.600000e+00  5.200867e+00 
 6.610000e+00  5.208895e+00 
 6.620000e+00  5.216921e+00 
 6.630000e+00  5.224946e+00 
 6.640000e+00  5.232969e+00 
 6.650000e+00  5.240991e+00 
 6.660000e+00  5.249010e+00 
 6.670000e+00  5.257028e+00 
 6.680000e+00  5.265044e+00 
 6.690000e+00  5.273059e+00 
 6.700000e+00  5.281071e+00 
 6.710000e+00  5.289082e+00 
 6.720000e+00  5.297091e+00 
 6.730000e+00  5.305099e+00 
 6.740000e+00  5.313104e+00 
 6.750000e+00  5.321108e+00 
 6.760000e+00  5.329111e+00 
 6.770000e+00  5.337111e+00 
 6.780000e+00  5.345110e+00 
 6.790000e+00  5.353107e+00 
 6.800000e+00  5.361102e+00 
 6.810000e+00  5.369096e+00 
 6.820000e+00  5.377088e+00 
 6.830000e+00  5.385078e+00 
 6.840000e+00  5.393066e+00 
 6.850000e+00  5.401053e+00 
 6.860000e+00  5.409037e+00 
 6.870000e+00  5.417021e+00 
 6.880000e+00  5.425002e+00 
 6.890000e+00  5.432982e+00 
 6.900000e+00  5.440959e+00 
 6.910000e+00  5.448935e+00 
 6.920000e+00  5.456910e+00 
 6.930000e+00  5.464882e+00 
 6.940000e+00  5.472853e+00 
 6.950000e+00  5.480822e+00 
 6.960000e+00  5.488790e+00 
 6.970000e+00  5.496755e+00 
 6.980000e+00  5.504719e+00 
 6.990000e+00  5.512681e+00 
 7.000000e+00  5.520642e+00 
 7.010000e+00  5.528600e+00 
 7.020000e+00  5.536557e+00 
 7.030000e+00  5.544512e+00 
 7.040000e+00  5.552466e+00 
 7.050000e+00  5.560417e+00 
 7.060000e+00  5.568367e+00 
 7.070000e+00  5.576315e+00 
 7.080000e+00  5.584261e+00 
 7.090000e+00  5.592206e+00 
 7.100000e+00  5.600149e+00 
 7.110000e+00  5.608090e+00 
 7.120000e+00  5.616029e+00 
 7.130000e+00  5.623967e+00 
 7.140000e+00  5.631902e+00 
 7.150000e+00  5.639836e+00 
 7.160000e+00  5.647769e+00 
 7.170000e+00  5.655699e+00 
 7.180000e+00  5.663628e+00 
 7.190000e+00  5.671555e+00 
 7.200000e+00  5.679480e+00 
 7.210000e+00  5.687403e+00 
 7.220000e+00  5.695325e+00 
 7.230000e+00  5.703245e+00 
 7.240000e+00  5.711163e+00 
 7.250000e+00  5.719079e+00 
 7.260000e+00  5.726994e+00 
 7.270000e+00  5.734907e+00 
 7.280000e+00  5.742818e+00 
 7.290000e+00  5.750727e+00 
 7.300000e+00  5.758634e+00 
 7.310000e+00  5.766540e+00 
 7.320000e+00  5.774444e+00 
 7.330000e+00  5.782346e+00 
 7.340000e+00  5.790246e+00 
 7.350000e+00  5.798145e+00 
 7.360000e+00  5.806042e+00 
 7.370000e+00  5.813937e+00 
 7.380000e+00  5.821830e+00 
 7.390000e+00  5.829722e+00 
 7.400000e+00  5.837611e+00 
 7.410000e+00  5.845499e+00 
 7.420000e+00  5.853385e+00 
 7.430000e+00  5.861270e+00 
 7.440000e+00  5.869152e+00 
 7.450000e+00  5.877033e+00 
 7.460000e+00  5.884912e+00 
 7.470000e+00  5.892789e+00 
 7.480000e+00  5.900665e+00 
 7.490000e+00  5.908539e+00 
 7.500000e+00  5.916410e+00 
 7.510000e+00  5.924281e+00 
 7.520000e+00  5.932149e+00 
 7.530000e+00  5.940015e+00 
 7.540000e+00  5.947880e+00 
 7.550000e+00  5.955743e+00 
 7.560000e+00  5.963604e+00 
 7.570000e+00  5.971464e+00 
 7.580000e+00  5.979321e+00 
 7.590000e+00  5.987177e+00 
 7.600000e+00  5.995031e+00 
 7.610000e+00  6.002883e+00 
 7.620000e+00  6.010734e+00 
 7.630000e+00  6.018582e+00 
 7.640000e+00  6.026429e+00 
 7.650000e+00  6.034274e+00 
 7.660000e+00  6.042117e+00 
 7.670000e+00  6.049959e+00 
 7.680000e+00  6.057798e+00 
 7.690000e+00  6.065636e+00 
 7.700000e+00  6.073472e+00 
 7.710000e+00  6.081307e+00 
 7.720000e+00  6.089139e+00 
 7.730000e+00  6.096970e+00 
 7.740000e+00  6.104799e+00 
 7.750000e+00  6.112626e+00 
 7.760000e+00  6.120451e+00 
 7.770000e+00  6.128274e+00 
 7.780000e+00  6.136096e+00 
 7.790000e+00  6.143916e+00 
 7.800000e+00  6.151734e+00 
 7.810000e+00  6.159550e+00 
 7.820000e+00  6.167365e+00 
 7.830000e+00  6.175177e+00 
 7.840000e+00  6.182988e+00 
 7.850000e+00  6.190797e+00 
 7.860000e+00  6.198604e+00 
 7.870000e+00  6.206410e+00 
 7.880000e+00  6.214213e+00 
 7.890000e+00  6.222015e+00 
 7.900000e+00  6.229815e+00 
 7.910000e+00  6.237613e+00 
 7.920000e+00  6.245410e+00 
 7.930000e+00  6.253204e+00 
 7.940000e+00  6.260997e+00 
 7.950000e+00  6.268788e+00 
 7.960000e+00  6.276577e+00 
 7.970000e+00  6.284364e+00 
 7.980000e+00  6.292150e+00 
 7.990000e+00  6.299933e+00 
 8.000000e+00  6.307715e+00 
 8.010000e+00  6.315495e+00 
 8.020000e+00  6.323273e+00 
 8.030000e+00  6.331050e+00 
 8.040000e+00  6.338824e+00 
 8.050000e+00  6.346597e+00 
 8.060000e+00  6.354368e+00 
 8.070000e+00  6.362137e+00 
 8.080000e+00  6.369904e+00 
 8.090000e+00  6.377670e+00 
 8.100000e+00  6.385433e+00 
 8.110000e+00  6.393195e+00 
 8.120000e+00  6.400955e+00 
 8.130000e+00  6.408714e+00 
 8.140000e+00  6.416470e+00 
 8.150000e+00  6.424224e+00 
 8.160000e+00  6.431977e+00 
 8.170000e+00  6.439728e+00 
 8.180000e+00  6.447477e+00 
 8.190000e+00  6.455224e+00 
 8.200000e+00  6.462970e+00 
 8.210000e+00  6.470713e+00 
 8.220000e+00  6.478455e+00 
 8.230000e+00  6.486195e+00 
 8.240000e+00  6.493933e+00 
 8.250000e+00  6.501669e+00 
 8.260000e+00  6.509404e+00 
 8.270000e+00  6.517136e+00 
 8.280000e+00  6.524867e+00 
 8.290000e+00  6.532596e+00 
 8.300000e+00  6.540323e+00 
 8.310000e+00  6.548048e+00 
 8.320000e+00  6.555772e+00 
 8.330000e+00  6.563493e+00 
 8.340000e+00  6.571213e+00 
 8.350000e+00  6.578931e+00 
 8.360000e+00  6.586647e+00 
 8.370000e+00  6.594361e+00 
 8.380000e+00  6.602074e+00 
 8.390000e+00  6.609784e+00 
 8.400000e+00  6.617493e+00 
 8.410000e+00  6.625200e+00 
 8.420000e+00  6.632905e+00 
 8.430000e+00  6.640608e+00 
 8.440000e+00  6.648310e+00 
 8.450000e+00  6.656009e+00 
 8.460000e+00  6.663707e+00 
 8.470000e+00  6.671403e+00 
 8.480000e+00  6.679097e+00 
 8.490000e+00  6.686789e+00 
 8.500000e+00  6.694479e+00 
 8.510000e+00  6.702168e+00 
 8.520000e+00  6.709854e+00 
 8.530000e+00  6.717539e+00 
 8.540000e+00  6.725222e+00 
 8.550000e+00  6.732903e+00 
 8.560000e+00  6.740582e+00 
 8.570000e+00  6.748260e+00 
 8.580000e+00  6.755935e+00 
 8.590000e+00  6.763609e+00 
 8.600000e+00  6.771281e+00 
 8.610000e+00  6.778951e+00 
 8.620000e+00  6.786619e+00 
 8.630000e+00  6.794285e+00 
 8.640000e+00  6.801950e+00 
 8.650000e+00  6.809612e+00 
 8.660000e+00  6.817273e+00 
 8.670000e+00  6.824932e+00 
 8.680000e+00  6.832589e+00 
 8.690000e+00  6.840244e+00 
 8.700000e+00  6.847897e+00 
 8.710000e+00  6.855549e+00 
 8.720000e+00  6.863198e+00 
 8.730000e+00  6.870846e+00 
 8.740000e+00  6.878492e+00 
 8.750000e+00  6.886136e+00 
 8.760000e+00  6.893778e+00 
 8.770000e+00  6.901418e+00 
 8.780000e+00  6.909057e+00 
 8.790000e+00  6.916694e+00 
 8.800000e+00  6.924328e+00 
 8.810000e+00  6.931961e+00 
 8.820000e+00  6.939592e+00 
 8.830000e+00  6.947221e+00 
 8.840000e+00  6.954849e+00 
 8.850000e+00  6.962474e+00 
 8.860000e+00  6.970097e+00 
 8.870000e+00  6.977719e+00 
 8.880000e+00  6.985339e+00 
 8.890000e+00  6.992957e+00 
 8.900000e+00  7.000573e+00 
 8.910000e+00  7.008187e+00 
 8.920000e+00  7.015800e+00 
 8.930000e+00  7.023410e+00 
 8.940000e+00  7.031019e+00 
 8.950000e+00  7.038625e+00 
 8.960000e+00  7.046230e+00 
 8.970000e+00  7.053833e+00 
 8.980000e+00  7.061435e+00 
 8.990000e+00  7.069034e+00 
 9.000000e+00  7.076631e+00 
 9.010000e+00  7.084227e+00 
 9.020000e+00  7.091820e+00 
 9.030000e+00  7.099412e+00 
 9.040000e+00  7.107002e+00 
 9.050000e+00  7.114590e+00 
 9.060000e+00  7.122176e+00 
 9.070000e+00  7.129761e+00 
 9.080000e+00  7.137343e+00 
 9.090000e+00  7.144923e+00 
 9.100000e+00  7.152502e+00 
 9.110000e+00  7.160079e+00 
 9.120000e+00  7.167654e+00 
 9.130000e+00  7.175227e+00 
 9.140000e+00  7.182798e+00 
 9.150000e+00  7.190367e+00 
 9.160000e+00  7.197935e+00 
 9.170000e+00  7.205500e+00 
 9.180000e+00  7.213064e+00 
 9.190000e+00  7.220626e+00 
 9.200000e+00  7.228185e+00 
 9.210000e+00  7.235743e+00 
 9.220000e+00  7.243300e+00 
 9.230000e+00  7.250854e+00 
 9.240000e+00  7.258406e+00 
 9.250000e+00  7.265957e+00 
 9.260000e+00  7.273505e+00 
 9.270000e+00  7.281052e+00 
 9.280000e+00  7.288597e+00 
 9.290000e+00  7.296139e+00 
 9.300000e+00  7.303681e+00 
 9.310000e+00  7.311220e+00 
 9.320000e+00  7.318757e+00 
 9.330000e+00  7.326292e+00 
 9.340000e+00  7.333826e+00 
 9.350000e+00  7.341357e+00 
 9.360000e+00  7.348887e+00 
 9.370000e+00  7.356415e+00 
 9.380000e+00  7.363941e+00 
 9.390000e+00  7.371465e+00 
 9.400000e+00  7.378987e+00 
 9.410000e+00  7.386507e+00 
 9.420000e+00  7.394026e+00 
 9.430000e+00  7.401542e+00 
 9.440000e+00  7.409057e+00 
 9.450000e+00  7.416569e+00 
 9.460000e+00  7.424080e+00 
 9.470000e+00  7.431589e+00 
 9.480000e+00  7.439096e+00 
 9.490000e+00  7.446601e+00 
 9.500000e+00  7.454104e+00 
 9.510000e+00  7.461605e+00 
 9.520000e+00  7.469105e+00 
 9.530000e+00  7.476602e+00 
 9.540000e+00  7.484098e+00 
 9.550000e+00  7.491592e+00 
 9.560000e+00  7.499084e+00 
 9.570000e+00  7.506573e+00 
 9.580000e+00  7.514061e+00 
 9.590000e+00  7.521548e+00 
 9.600000e+00  7.529032e+00 
 9.610000e+00  7.536514e+00 
 9.620000e+00  7.543994e+00 
 9.630000e+00  7.551473e+00 
 9.640000e+00  7.558950e+00 
 9.650000e+00  7.566424e+00 
 9.660000e+00  7.573897e+00 
 9.670000e+00  7.581368e+00 
 9.680000e+00  7.588837e+00 
 9.690000e+00  7.596304e+00 
 9.700000e+00  7.603769e+00 
 9.710000e+00  7.611233e+00 
 9.720000e+00  7.618694e+00 
 9.730000e+00  7.626153e+00 
 9.740000e+00  7.633611e+00 
 9.750000e+00  7.641067e+00 
 9.760000e+00  7.648520e+00 
 9.770000e+00  7.655972e+00 
 9.780000e+00  7.663422e+00 
 9.790000e+00  7.670870e+00 
 9.800000e+00  7.678316e+00 
 9.810000e+00  7.685760e+00 
 9.820000e+00  7.693203e+00 
 9.830000e+00  7.700643e+00 
 9.840000e+00  7.708081e+00 
 9.850000e+00  7.715518e+00 
 9.860000e+00  7.722953e+00 
 9.870000e+00  7.730385e+00 
 9.880000e+00  7.737816e+00 
 9.890000e+00  7.745245e+00 
 9.900000e+00  7.752672e+00 
 9.910000e+00  7.760097e+00 
 9.920000e+00  7.767520e+00 
 9.930000e+00  7.774942e+00 
 9.940000e+00  7.782361e+00 
 9.950000e+00  7.789778e+00 
 9.960000e+00  7.797194e+00 
 9.970000e+00  7.804607e+00 
 9.980000e+00  7.812019e+00 
 9.990000e+00  7.819429e+00 
 1.000000e+01  7.826837e+00 
 1.001000e+01  7.834242e+00 
 1.002000e+01  7.841646e+00 
 1.003000e+01  7.849048e+00 
 1.004000e+01  7.856449e+00 
 1.005000e+01  7.863847e+00 
 1.006000e+01  7.871243e+00 
 1.007000e+01  7.878637e+00 
 1.008000e+01  7.886030e+00 
 1.009000e+01  7.893420e+00 
 1.010000e+01  7.900809e+00 
 1.011000e+01  7.908196e+00 
 1.012000e+01  7.915581e+00 
 1.013000e+01  7.922963e+00 
 1.014000e+01  7.930344e+00 
 1.015000e+01  7.937723e+00 
 1.016000e+01  7.945100e+00 
 1.017000e+01  7.952475e+00 
 1.018000e+01  7.959849e+00 
 1.019000e+01  7.967220e+00 
 1.020000e+01  7.974589e+00 
 1.021000e+01  7.981957e+00 
 1.022000e+01  7.989322e+00 
 1.023000e+01  7.996686e+00 
 1.024000e+01  8.004047e+00 
 1.025000e+01  8.011407e+00 
 1.026000e+01  8.018765e+00 
 1.027000e+01  8.026121e+00 
 1.028000e+01  8.033475e+00 
 1.029000e+01  8.040827e+00 
 1.030000e+01  8.048177e+00 
 1.031000e+01  8.055525e+00 
 1.032000e+01  8.062871e+00 
 1.033000e+01  8.070215e+00 
 1.034000e+01  8.077558e+00 
 1.035000e+01  8.084898e+00 
 1.036000e+01  8.092237e+00 
 1.037000e+01  8.099573e+00 
 1.038000e+01  8.106908e+00 
 1.039000e+01  8.114240e+00 
 1.040000e+01  8.121571e+00 
 1.041000e+01  8.128900e+00 
 1.042000e+01  8.136227e+00 
 1.043000e+01  8.143552e+00 
 1.044000e+01  8.150875e+00 
 1.045000e+01  8.158196e+00 
 1.046000e+01  8.165515e+00 
 1.047000e+01  8.172832e+00 
 1.048000e+01  8.180147e+00 
 1.049000e+01  8.187460e+00 
 1.050000e+01  8.194772e+00 
 1.051000e+01  8.202081e+00 
 1.052000e+01  8.209389e+00 
 1.053000e+01  8.216694e+00 
 1.054000e+01  8.223998e+00 
 1.055000e+01  8.231299e+00 
 1.056000e+01  8.238599e+00 
 1.057000e+01  8.245897e+00 
 1.058000e+01  8.253192e+00 
 1.059000e+01  8.260486e+00 
 1.060000e+01  8.267778e+00 
 1.061000e+01  8.275068e+00 
 1.062000e+01  8.282356e+00 
 1.063000e+01  8.289641e+00 
 1.064000e+01  8.296925e+00 
 1.065000e+01  8.304207e+00 
 1.066000e+01  8.311486e+00 
 1.067000e+01  8.318764e+00 
 1.068000e+01  8.326039e+00 
 1.069000e+01  8.333312e+00 
 1.070000e+01  8.340582e+00 
 1.071000e+01  8.347850e+00 
 1.072000e+01  8.355115e+00 
 1.073000e+01  8.362376e+00 
 1.074000e+01  8.369634e+00 
 1.075000e+01  8.376888e+00 
 1.076000e+01  8.384136e+00 
 1.077000e+01  8.391379e+00 
 1.078000e+01  8.398613e+00 
 1.079000e+01  8.405838e+00 
 1.080000e+01  8.413050e+00 
 1.081000e+01  8.420247e+00 
 1.082000e+01  8.427423e+00 
 1.083000e+01  8.434571e+00 
 1.084000e+01  8.441685e+00 
 1.085000e+01  8.448753e+00 
 1.086000e+01  8.455761e+00 
 1.087000e+01  8.462692e+00 
 1.088000e+01  8.469525e+00 
 1.089000e+01  8.476234e+00 
 1.090000e+01  8.482790e+00 
 1.091000e+01  8.489161e+00 
 1.092000e+01  8.495312e+00 
 1.093000e+01  8.501213e+00 
 1.094000e+01  8.506837e+00 
 1.095000e+01  8.512161e+00 
 1.096000e+01  8.517176e+00 
 1.097000e+01  8.521879e+00 
 1.098000e+01  8.526276e+00 
 1.099000e+01  8.530379e+00 
 1.100000e+01  8.534206e+00 
 1.101000e+01  8.537777e+00 
 1.102000e+01  8.541112e+00 
 1.103000e+01  8.544232e+00 
 1.104000e+01  8.547157e+00 
 1.105000e+01  8.549905e+00 
 1.106000e+01  8.552494e+00 
 1.107000e+01  8.554938e+00 
 1.108000e+01  8.557251e+00 
 1.109000e+01  8.559446e+00 
 1.110000e+01  8.561534e+00 
 1.111000e+01  8.563523e+00 
 1.112000e+01  8.565424e+00 
 1.113000e+01  8.567243e+00 
 1.114000e+01  8.568987e+00 
 1.115000e+01  8.570663e+00 
 1.116000e+01  8.572276e+00 
 1.117000e+01  8.573831e+00 
 1.118000e+01  8.575332e+00 
 1.119000e+01  8.576784e+00 
 1.120000e+01  8.578189e+00 
 1.121000e+01  8.579551e+00 
 1.122000e+01  8.580874e+00 
 1.123000e+01  8.582159e+00 
 1.124000e+01  8.583408e+00 
 1.125000e+01  8.584625e+00 
 1.126000e+01  8.585812e+00 
 1.127000e+01  8.586969e+00 
 1.128000e+01  8.588099e+00 
 1.129000e+01  8.589203e+00 
 1.130000e+01  8.590283e+00 
 1.131000e+01  8.591340e+00 
 1.132000e+01  8.592375e+00 
 1.133000e+01  8.593390e+00 
 1.134000e+01  8.594385e+00 
 1.135000e+01  8.595361e+00 
 1.136000e+01  8.596319e+00 
 1.137000e+01  8.597261e+00 
 1.138000e+01  8.598186e+00 
 1.139000e+01  8.599096e+00 
 1.140000e+01  8.599991e+00 
 1.141000e+01  8.600873e+00 
 1.142000e+01  8.601740e+00 
 1.143000e+01  8.602595e+00 
 1.144000e+01  8.603437e+00 
 1.145000e+01  8.604267e+00 
 1.146000e+01  8.605086e+00 
 1.147000e+01  8.605894e+00 
 1.148000e+01  8.606691e+00 
 1.149000e+01  8.607478e+00 
 1.150000e+01  8.608256e+00 
 1.151000e+01  8.609023e+00 
 1.152000e+01  8.609782e+00 
 1.153000e+01  8.610532e+00 
 1.154000e+01  8.611273e+00 
 1.155000e+01  8.612006e+00 
 1.156000e+01  8.612731e+00 
 1.157000e+01  8.613448e+00 
 1.158000e+01  8.614158e+00 
 1.159000e+01  8.614861e+00 
 1.160000e+01  8.615556e+00 
 1.161000e+01  8.616245e+00 
 1.162000e+01  8.616927e+00 
 1.163000e+01  8.617603e+00 
 1.164000e+01  8.618272e+00 
 1.165000e+01  8.618935e+00 
 1.166000e+01  8.619593e+00 
 1.167000e+01  8.620245e+00 
 1.168000e+01  8.620891e+00 
 1.169000e+01  8.621532e+00 
 1.170000e+01  8.622167e+00 
 1.171000e+01  8.622798e+00 
 1.172000e+01  8.623423e+00 
 1.173000e+01  8.624044e+00 
 1.174000e+01  8.624660e+00 
 1.175000e+01  8.625271e+00 
 1.176000e+01  8.625877e+00 
 1.177000e+01  8.626480e+00 
 1.178000e+01  8.627078e+00 
 1.179000e+01  8.627671e+00 
 1.180000e+01  8.628261e+00 
 1.181000e+01  8.628846e+00 
 1.182000e+01  8.629428e+00 
 1.183000e+01  8.630006e+00 
 1.184000e+01  8.630580e+00 
 1.185000e+01  8.631150e+00 
 1.186000e+01  8.631717e+00 
 1.187000e+01  8.632280e+00 
 1.188000e+01  8.632840e+00 
 1.189000e+01  8.633397e+00 
 1.190000e+01  8.633950e+00 
 1.191000e+01  8.634500e+00 
 1.192000e+01  8.635046e+00 
 1.193000e+01  8.635590e+00 
 1.194000e+01  8.636130e+00 
 1.195000e+01  8.636668e+00 
 1.196000e+01  8.637203e+00 
 1.197000e+01  8.637734e+00 
 1.198000e+01  8.638263e+00 
 1.199000e+01  8.638789e+00 
 1.200000e+01  8.639313e+00 
 1.201000e+01  8.639834e+00 
 1.202000e+01  8.640352e+00 
 1.203000e+01  8.640867e+00 
 1.204000e+01  8.641380e+00 
 1.205000e+01  8.641891e+00 
 1.206000e+01  8.642399e+00 
 1.207000e+01  8.642905e+00 
 1.208000e+01  8.643408e+00 
 1.209000e+01  8.643909e+00 
 1.210000e+01  8.644408e+00 
 1.211000e+01  8.644904e+00 
 1.212000e+01  8.645398e+00 
 1.213000e+01  8.645890e+00 
 1.214000e+01  8.646380e+00 
 1.215000e+01  8.646868e+00 
 1.216000e+01  8.647354e+00 
 1.217000e+01  8.647837e+00 
 1.218000e+01  8.648319e+00 
 1.219000e+01  8.648799e+00 
 1.220000e+01  8.649276e+00 
 1.221000e+01  8.649752e+00 
 1.222000e+01  8.650226e+00 
 1.223000e+01  8.650698e+00 
 1.224000e+01  8.651168e+00 
 1.225000e+01  8.651637e+00 
 1.226000e+01  8.652103e+00 
 1.227000e+01  8.652568e+00 
 1.228000e+01  8.653031e+00 
 1.229000e+01  8.653492e+00 
 1.230000e+01  8.653952e+00 
 1.231000e+01  8.654410e+00 
 1.232000e+01  8.654866e+00 
 1.233000e+01  8.655321e+00 
 1.234000e+01  8.655774e+00 
 1.235000e+01  8.656226e+00 
 1.236000e+01  8.656675e+00 
 1.237000e+01  8.657124e+00 
 1.238000e+01  8.657571e+00 
 1.239000e+01  8.658016e+00 
 1.240000e+01  8.658460e+00 
 1.241000e+01  8.658902e+00 
 1.242000e+01  8.659343e+00 
 1.243000e+01  8.659783e+00 
 1.244000e+01  8.660221e+00 
 1.245000e+01  8.660658e+00 
 1.246000e+01  8.661093e+00 
 1.247000e+01  8.661527e+00 
 1.248000e+01  8.661960e+00 
 1.249000e+01  8.662391e+00 
 1.250000e+01  8.662821e+00 
 1.251000e+01  8.663250e+00 
 1.252000e+01  8.663677e+00 
 1.253000e+01  8.664103e+00 
 1.254000e+01  8.664528e+00 
 1.255000e+01  8.664952e+00 
 1.256000e+01  8.665374e+00 
 1.257000e+01  8.665796e+00 
 1.258000e+01  8.666216e+00 
 1.259000e+01  8.666634e+00 
 1.260000e+01  8.667052e+00 
 1.261000e+01  8.667468e+00 
 1.262000e+01  8.667884e+00 
 1.263000e+01  8.668298e+00 
 1.264000e+01  8.668711e+00 
 1.265000e+01  8.669123e+00 
 1.266000e+01  8.669534e+00 
 1.267000e+01  8.669943e+00 
 1.268000e+01  8.670352e+00 
 1.269000e+01  8.670760e+00 
 1.270000e+01  8.671166e+00 
 1.271000e+01  8.671572e+00 
 1.272000e+01  8.671976e+00 
 1.273000e+01  8.672379e+00 
 1.274000e+01  8.672782e+00 
 1.275000e+01  8.673183e+00 
 1.276000e+01  8.673584e+00 
 1.277000e+01  8.673983e+00 
 1.278000e+01  8.674381e+00 
 1.279000e+01  8.674779e+00 
 1.280000e+01  8.675175e+00 
 1.281000e+01  8.675571e+00 
 1.282000e+01  8.675965e+00 
 1.283000e+01  8.676359e+00 
 1.284000e+01  8.676752e+00 
 1.285000e+01  8.677143e+00 
 1.286000e+01  8.677534e+00 
 1.287000e+01  8.677924e+00 
 1.288000e+01  8.678313e+00 
 1.289000e+01  8.678702e+00 
 1.290000e+01  8.679089e+00 
 1.291000e+01  8.679475e+00 
 1.292000e+01  8.679861e+00 
 1.293000e+01  8.680246e+00 
 1.294000e+01  8.680629e+00 
 1.295000e+01  8.681012e+00 
 1.296000e+01  8.681395e+00 
 1.297000e+01  8.681776e+00 
 1.298000e+01  8.682157e+00 
 1.299000e+01  8.682536e+00 
 1.300000e+01  8.682915e+00 
 1.301000e+01  8.683293e+00 
 1.302000e+01  8.683671e+00 
 1.303000e+01  8.684047e+00 
 1.304000e+01  8.684423e+00 
 1.305000e+01  8.684798e+00 
 1.306000e+01  8.685172e+00 
 1.307000e+01  8.685546e+00 
 1.308000e+01  8.685918e+00 
 1.309000e+01  8.686290e+00 
 1.310000e+01  8.686662e+00 
 1.311000e+01  8.687032e+00 
 1.312000e+01  8.687402e+00 
 1.313000e+01  8.687771e+00 
 1.314000e+01  8.688139e+00 
 1.315000e+01  8.688507e+00 
 1.316000e+01  8.688874e+00 
 1.317000e+01  8.689240e+00 
 1.318000e+01  8.689605e+00 
 1.319000e+01  8.689970e+00 
 1.320000e+01  8.690334e+00 
 1.321000e+01  8.690697e+00 
 1.322000e+01  8.691060e+00 
 1.323000e+01  8.691422e+00 
 1.324000e+01  8.691784e+00 
 1.325000e+01  8.692144e+00 
 1.326000e+01  8.692504e+00 
 1.327000e+01  8.692864e+00 
 1.328000e+01  8.693222e+00 
 1.329000e+01  8.693581e+00 
 1.330000e+01  8.693938e+00 
 1.331000e+01  8.694295e+00 
 1.332000e+01  8.694651e+00 
 1.333000e+01  8.695007e+00 
 1.334000e+01  8.695361e+00 
 1.335000e+01  8.695716e+00 
 1.336000e+01  8.696069e+00 
 1.337000e+01  8.696422e+00 
 1.338000e+01  8.696775e+00 
 1.339000e+01  8.697127e+00 
 1.340000e+01  8.697478e+00 
 1.341000e+01  8.697829e+00 
 1.342000e+01  8.698179e+00 
 1.343000e+01  8.698528e+00 
 1.344000e+01  8.698877e+00 
 1.345000e+01  8.699226e+00 
 1.346000e+01  8.699573e+00 
 1.347000e+01  8.699920e+00 
 1.348000e+01  8.700267e+00 
 1.349000e+01  8.700613e+00 
 1.350000e+01  8.700959e+00 
 1.351000e+01  8.701304e+00 
 1.352000e+01  8.701648e+00 
 1.353000e+01  8.701992e+00 
 1.354000e+01  8.702335e+00 
 1.355000e+01  8.702678e+00 
 1.356000e+01  8.703020e+00 
 1.357000e+01  8.703361e+00 
 1.358000e+01  8.703703e+00 
 1.359000e+01  8.704043e+00 
 1.360000e+01  8.704383e+00 
 1.361000e+01  8.704723e+00 
 1.362000e+01  8.705062e+00 
 1.363000e+01  8.705400e+00 
 1.364000e+01  8.705738e+00 
 1.365000e+01  8.706076e+00 
 1.366000e+01  8.706413e+00 
 1.367000e+01  8.706749e+00 
 1.368000e+01  8.707085e+00 
 1.369000e+01  8.707420e+00 
 1.370000e+01  8.707755e+00 
 1.371000e+01  8.708090e+00 
 1.372000e+01  8.708424e+00 
 1.373000e+01  8.708757e+00 
 1.374000e+01  8.709090e+00 
 1.375000e+01  8.709423e+00 
 1.376000e+01  8.709755e+00 
 1.377000e+01  8.710086e+00 
 1.378000e+01  8.710417e+00 
 1.379000e+01  8.710748e+00 
 1.380000e+01  8.711078e+00 
 1.381000e+01  8.711408e+00 
 1.382000e+01  8.711737e+00 
 1.383000e+01  8.712065e+00 
 1.384000e+01  8.712394e+00 
 1.385000e+01  8.712721e+00 
 1.386000e+01  8.713049e+00 
 1.387000e+01  8.713376e+00 
 1.388000e+01  8.713702e+00 
 1.389000e+01  8.714028e+00 
 1.390000e+01  8.714354e+00 
 1.391000e+01  8.714679e+00 
 1.392000e+01  8.715003e+00 
 1.393000e+01  8.715328e+00 
 1.394000e+01  8.715651e+00 
 1.395000e+01  8.715975e+00 
 1.396000e+01  8.716298e+00 
 1.397000e+01  8.716620e+00 
 1.398000e+01  8.716942e+00 
 1.399000e+01  8.717264e+00 
 1.400000e+01  8.717585e+00 
 1.401000e+01  8.717906e+00 
 1.402000e+01  8.718226e+00 
 1.403000e+01  8.718546e+00 
 1.404000e+01  8.718866e+00 
 1.405000e+01  8.719185e+00 
 1.406000e+01  8.719504e+00 
 1.407000e+01  8.719822e+00 
 1.408000e+01  8.720140e+00 
 1.409000e+01  8.720457e+00 
 1.410000e+01  8.720774e+00 
 1.411000e+01  8.721091e+00 
 1.412000e+01  8.721407e+00 
 1.413000e+01  8.721723e+00 
 1.414000e+01  8.722039e+00 
 1.415000e+01  8.722354e+00 
 1.416000e+01  8.722669e+00 
 1.417000e+01  8.722983e+00 
 1.418000e+01  8.723297e+00 
 1.419000e+01  8.723610e+00 
 1.420000e+01  8.723924e+00 
 1.421000e+01  8.724236e+00 
 1.422000e+01  8.724549e+00 
 1.423000e+01  8.724861e+00 
 1.424000e+01  8.725173e+00 
 1.425000e+01  8.725484e+00 
 1.426000e+01  8.725795e+00 
 1.427000e+01  8.726105e+00 
 1.428000e+01  8.726415e+00 
 1.429000e+01  8.726725e+00 
 1.430000e+01  8.727035e+00 
 1.431000e+01  8.727344e+00 
 1.432000e+01  8.727652e+00 
 1.433000e+01  8.727961e+00 
 1.434000e+01  8.728269e+00 
 1.435000e+01  8.728576e+00 
 1.436000e+01  8.728884e+00 
 1.437000e+01  8.729191e+00 
 1.438000e+01  8.729497e+00 
 1.439000e+01  8.729803e+00 
 1.440000e+01  8.730109e+00 
 1.441000e+01  8.730415e+00 
 1.442000e+01  8.730720e+00 
 1.443000e+01  8.731025e+00 
 1.444000e+01  8.731329e+00 
 1.445000e+01  8.731633e+00 
 1.446000e+01  8.731937e+00 
 1.447000e+01  8.732241e+00 
 1.448000e+01  8.732544e+00 
 1.449000e+01  8.732846e+00 
 1.450000e+01  8.733149e+00 
 1.451000e+01  8.733451e+00 
 1.452000e+01  8.733753e+00 
 1.453000e+01  8.734054e+00 
 1.454000e+01  8.734355e+00 
 1.455000e+01  8.734656e+00 
 1.456000e+01  8.734957e+00 
 1.457000e+01  8.735257e+00 
 1.458000e+01  8.735557e+00 
 1.459000e+01  8.735856e+00 
 1.460000e+01  8.736155e+00 
 1.461000e+01  8.736454e+00 
 1.462000e+01  8.736753e+00 
 1.463000e+01  8.737051e+00 
 1.464000e+01  8.737349e+00 
 1.465000e+01  8.737646e+00 
 1.466000e+01  8.737943e+00 
 1.467000e+01  8.738240e+00 
 1.468000e+01  8.738537e+00 
 1.469000e+01  8.738833e+00 
 1.470000e+01  8.739129e+00 
 1.471000e+01  8.739425e+00 
 1.472000e+01  8.739721e+00 
 1.473000e+01  8.740016e+00 
 1.474000e+01  8.740310e+00 
 1.475000e+01  8.740605e+00 
 1.476000e+01  8.740899e+00 
 1.477000e+01  8.741193e+00 
 1.478000e+01  8.741487e+00 
 1.479000e+01  8.741780e+00 
 1.480000e+01  8.742073e+00 
 1.481000e+01  8.742366e+00 
 1.482000e+01  8.742658e+00 
 1.483000e+01  8.742950e+00 
 1.484000e+01  8.743242e+00 
 1.485000e+01  8.743533e+00 
 1.486000e+01  8.743825e+00 
 1.487000e+01  8.744116e+00 
 1.488000e+01  8.744406e+00 
 1.489000e+01  8.744697e+00 
 1.490000e+01  8.744987e+00 
 1.491000e+01  8.745276e+00 
 1.492000e+01  8.745566e+00 
 1.493000e+01  8.745855e+00 
 1.494000e+01  8.746144e+00 
 1.495000e+01  8.746433e+00 
 1.496000e+01  8.746721e+00 
 1.497000e+01  8.747009e+00 
 1.498000e+01  8.747297e+00 
 1.499000e+01  8.747585e+00 
 1.500000e+01  8.747872e+00 
 1.501000e+01  8.748159e+00 
 1.502000e+01  8.748446e+00 
 1.503000e+01  8.748732e+00 
 1.504000e+01  8.749018e+00 
 1.505000e+01  8.749304e+00 
 1.506000e+01  8.749590e+00 
 1.507000e+01  8.749875e+00 
 1.508000e+01  8.750160e+00 
 1.509000e+01  8.750445e+00 
 1.510000e+01  8.750730e+00 
 1.511000e+01  8.751014e+00 
 1.512000e+01  8.751298e+00 
 1.513000e+01  8.751582e+00 
 1.514000e+01  8.751866e+00 
 1.515000e+01  8.752149e+00 
 1.516000e+01  8.752432e+00 
 1.517000e+01  8.752715e+00 
 1.518000e+01  8.752997e+00 
 1.519000e+01  8.753279e+00 
 1.520000e+01  8.753561e+00 
 1.521000e+01  8.753843e+00 
 1.522000e+01  8.754124e+00 
 1.523000e+01  8.754406e+00 
 1.524000e+01  8.754687e+00 
 1.525000e+01  8.754967e+00 
 1.526000e+01  8.755248e+00 
 1.527000e+01  8.755528e+00 
 1.528000e+01  8.755808e+00 
 1.529000e+01  8.756088e+00 
 1.530000e+01  8.756367e+00 
 1.531000e+01  8.756646e+00 
 1.532000e+01  8.756925e+00 
 1.533000e+01  8.757204e+00 
 1.534000e+01  8.757482e+00 
 1.535000e+01  8.757761e+00 
 1.536000e+01  8.758039e+00 
 1.537000e+01  8.758316e+00 
 1.538000e+01  8.758594e+00 
 1.539000e+01  8.758871e+00 
 1.540000e+01  8.759148e+00 
 1.541000e+01  8.759425e+00 
 1.542000e+01  8.759701e+00 
 1.543000e+01  8.759978e+00 
 1.544000e+01  8.760254e+00 
 1.545000e+01  8.760529e+00 
 1.546000e+01  8.760805e+00 
 1.547000e+01  8.761080e+00 
 1.548000e+01  8.761356e+00 
 1.549000e+01  8.761630e+00 
 1.550000e+01  8.761905e+00 
 1.551000e+01  8.762179e+00 
 1.552000e+01  8.762454e+00 
 1.553000e+01  8.762728e+00 
 1.554000e+01  8.763001e+00 
 1.555000e+01  8.763275e+00 
 1.556000e+01  8.763548e+00 
 1.557000e+01  8.763821e+00 
 1.558000e+01  8.764094e+00 
 1.559000e+01  8.764367e+00 
 1.560000e+01  8.764639e+00 
 1.561000e+01  8.764911e+00 
 1.562000e+01  8.765183e+00 
 1.563000e+01  8.765455e+00 
 1.564000e+01  8.765726e+00 
 1.565000e+01  8.765997e+00 
 1.566000e+01  8.766268e+00 
 1.567000e+01  8.766539e+00 
 1.568000e+01  8.766810e+00 
 1.569000e+01  8.767080e+00 
 1.570000e+01  8.767350e+00 
 1.571000e+01  8.767620e+00 
 1.572000e+01  8.767890e+00 
 1.573000e+01  8.768159e+00 
 1.574000e+01  8.768429e+00 
 1.575000e+01  8.768698e+00 
 1.576000e+01  8.768967e+00 
 1.577000e+01  8.769235e+00 
 1.578000e+01  8.769504e+00 
 1.579000e+01  8.769772e+00 
 1.580000e+01  8.770040e+00 
 1.581000e+01  8.770308e+00 
 1.582000e+01  8.770575e+00 
 1.583000e+01  8.770843e+00 
 1.584000e+01  8.771110e+00 
 1.585000e+01  8.771377e+00 
 1.586000e+01  8.771643e+00 
 1.587000e+01  8.771910e+00 
 1.588000e+01  8.772176e+00 
 1.589000e+01  8.772442e+00 
 1.590000e+01  8.772708e+00 
 1.591000e+01  8.772974e+00 
 1.592000e+01  8.773239e+00 
 1.593000e+01  8.773505e+00 
 1.594000e+01  8.773770e+00 
 1.595000e+01  8.774035e+00 
 1.596000e+01  8.774299e+00 
 1.597000e+01  8.774564e+00 
 1.598000e+01  8.774828e+00 
 1.599000e+01  8.775092e+00 
 1.600000e+01  8.775356e+00 
